ZFRC
6 nb forcage
1997 6 21 41400. temps
0.  alt
97000. P
299. th
1.51913E-02 rv
4
0.     10. 0. 0. 0. 0. -3.47222E-05 2.22222E-08
1000.  10. 0. 0. 0. 0. -3.47222E-05 2.22222E-08
3000.  10. 0. 0. 0. 0. 0.           0.
5000.  10. 0. 0. 0. 0. 0.           0.
1997 6 21 52200.
0.
97000.
299.
1.51913E-02
4
0.     10. 0. 0. 0. 0. 0. 5.55555E-09 
1000.  10. 0. 0. 0. 0. 0. 5.55555E-09
3000.  10. 0. 0. 0. 0. 0.           0.
5000.  10. 0. 0. 0. 0. 0.           0.
1997 6 21 63000.
0.
97000.
299.
1.51913E-02
4
0.     10. 0. 0. 0. 0. 0. -1.11111E-09
1000.  10. 0. 0. 0. 0. 0. -1.11111E-09
3000.  10. 0. 0. 0. 0. 0.           0.
5000.  10. 0. 0. 0. 0. 0.           0.
1997 6 21 73800.
0.
97000.
299.
1.51913E-02
4
0.     10. 0. 0. 0. 0. -2.22222E-05 -2.77778E-09
1000.  10. 0. 0. 0. 0. -2.22222E-05 -2.77778E-09
3000.  10. 0. 0. 0. 0. 0.           0.
5000.  10. 0. 0. 0. 0. 0.           0.
1997 6 21 84600.
0.
97000.
299.
1.51913E-02
4
0.     10. 0. 0. 0. 0. -4.44444E-05 -4.44444E-08
1000.  10. 0. 0. 0. 0. -4.44444E-05 -4.44444E-08
3000.  10. 0. 0. 0. 0. 0.           0.
5000.  10. 0. 0. 0. 0. 0.           0.
1997 6 22 9000.
0.
97000.
299.
1.51913E-02
4
0.     10. 0. 0. 0. 0. -7.77777E-05 -9.11111E-08
1000.  10. 0. 0. 0. 0. -7.77777E-05 -9.11111E-08
3000.  10. 0. 0. 0. 0. 0.           0.
5000.  10. 0. 0. 0. 0. 0.           0.         

