0.0000000000 0.0000000000
20.0000000000 0.0000000000
30.0900250000 0.0000000000
44.5725840000 0.0000000000
64.8628530000 0.0000000000
93.1103600000 0.0000000000
132.4434150000 0.0000000000
187.5408470000 0.0000000000
263.8034090000 0.0000000000
367.6816280000 0.0000000000
506.5629410000 0.0000000000
688.3795370000 0.0000000000
920.8414950000 0.0000000000
1207.5043340000 0.0000000000
1549.8119420000 0.0000000000
1947.2420910000 0.0000000000
2396.5235870000 0.0000000000
2892.3116290000 0.0000000000
3428.5026540000 0.0000000000
4000.0875360000 0.0000000000
4605.3774870000 0.0000000000
5248.4628390000 0.0000000000
5920.0241800000 0.0000000000
6608.2946160000 0.0000000000
7236.0611760000 0.0006583614
7792.4414110000 0.0019866155
8292.1713320000 0.0037586329
8741.1175900000 0.0058592630
9144.6929890000 0.0082085507
9509.0644440000 0.0107558012
9841.3383210000 0.0134825104
10149.4364970000 0.0164075393
10441.8470130000 0.0195935371
10727.2842700000 0.0231554825
11003.4669370000 0.0271081824
11268.2827840000 0.0314653107
11519.8068600000 0.0362398827
11756.3103980000 0.0414449575
11976.2581440000 0.0470945886
12178.2920550000 0.0532050399
12361.1999510000 0.0597962823
12523.8678620000 0.0668937902
12665.2149630000 0.0745306536
12784.1100870000 0.0827500364
12879.2685310000 0.0916080249
12949.0554890000 0.1011642928
12991.4073950000 0.1114385264
13004.4792440000 0.1224324165
12986.7986620000 0.1341542901
12937.1816270000 0.1466112016
12854.7154740000 0.1598096637
12738.7333460000 0.1737565294
12588.7811340000 0.1884600042
12404.5783710000 0.2039307776
12185.9748850000 0.2201832544
11932.9053920000 0.2372368657
11645.3444880000 0.2551174387
11323.2647830000 0.2738586045
10966.6012810000 0.2935032234
10575.2255050000 0.3141048054
10148.9334450000 0.3357289042
9690.6880990000 0.3582970605
9204.2649590000 0.3817170714
8694.1628620000 0.4058838040
8165.4851370000 0.4306804128
7623.7956720000 0.4559799180
7074.9562640000 0.4816470768
6524.9524250000 0.5075404867
5979.7161580000 0.5335148193
5444.9536710000 0.5594231111
4925.9860170000 0.5851190222
4427.6095470000 0.6104589853
3953.9817680000 0.6353041816
3508.5366740000 0.6595222851
3093.9314770000 0.6829889557
2711.5357590000 0.7056187317
2361.9465340000 0.7273414649
2045.0561350000 0.7481027784
1760.1383410000 0.7678642560
1505.9465450000 0.7866034114
1280.8556900000 0.8043104125
1082.9531980000 0.8209878455
910.1285930000 0.8366502626
760.1566370000 0.8513236885
630.8682130000 0.8650344412
520.1356330000 0.8778133401
425.9079910000 0.8896952320
346.2388260000 0.9007185732
279.3067050000 0.9109250642
223.4294180000 0.9203593338
177.0725550000 0.9290686684
138.8532710000 0.9371027834
107.5400440000 0.9445136304
82.0492750000 0.9513552345
61.5200200000 0.9576569759
45.1846750000 0.9634485922
32.3647680000 0.9687601101
22.4659420000 0.9736217877
14.9723630000 0.9780640672
9.4407480000 0.9821175362
5.4941910000 0.9858128963
2.8159620000 0.9891809376
1.1433960000 0.9922525186
0.2620190000 0.9950585503
0.0000000000 0.9976299837
0.0000000000 1.0000000000
