0.0 0.0
2.0003650188 0.0
3.1022410393 0.0
4.6660838127 0.0
6.8279771805 0.0
9.746966362 0.0
13.6054239273 0.0
18.6089305878 0.0
24.9857177734 0.0
32.985710144 0.0
42.8792419434 0.0
54.9554634094 0.0
69.5205764771 0.0
86.8958816528 0.0
107.4157409668 0.0
131.4255065918 0.0
159.2794036865 0.0
191.3385620117 0.0
227.9689483643 0.0
269.5395812988 0.0
316.4207458496 0.0
368.9823608398 0.0
427.5924987793 0.0
492.616027832 0.0
564.4134521484 0.0
643.3399047852 0.0
729.744140625 0.0
823.9678344727 0.0
926.344909668 0.0
1037.201171875 0.0
1156.8536376953 0.0
1285.6103515625 0.0
1423.7701416016 0.0
1571.6229248047 0.0
1729.4489746094 0.0
1897.5192871094 0.0
2076.0959472656 0.0
2265.431640625 0.0
2465.7705078125 0.0
2677.3481445313 0.0
2900.3913574219 0.0
3135.1193847656 0.0
3381.7436523438 0.0
3640.4682617188 0.0
3911.4904785156 0.0
4194.9306640625 0.0
4490.8173828125 0.0
4799.1494140625 0.0
5119.8950195313 0.0
5452.9907226563 0.0
5798.3447265625 0.0
6156.07421875 0.0
6526.9467773438 0.0
6911.8706054688 0.0
7311.869140625 3.82e-08
7727.412109375 6.760700217e-06
8159.3540039063 2.4348000807e-05
8608.525390625 5.892199988e-05
9076.400390625 0.000111914298031
9562.6826171875 0.000198577399715
10065.978515625 0.000340379687259
10584.6318359375 0.000561555323657
11116.662109375 0.00088969792705
11660.0673828125 0.001352805527858
12211.5478515625 0.001991837983951
12766.873046875 0.002857124200091
13324.6689453125 0.003970953635871
13881.3310546875 0.00537781463936
14432.1396484375 0.007133376784623
14975.615234375 0.00926146004349
15508.2568359375 0.011806022375822
16026.115234375 0.014815628528595
16527.322265625 0.018318451941013
17008.7890625 0.02235484495759
17467.61328125 0.026963520795107
17901.62109375 0.032176095992327
18308.43359375 0.03802639991045
18685.71875 0.044547960162163
19031.2890625 0.051773015409708
19343.51171875 0.059728413820267
19620.04296875 0.068448252975941
19859.390625 0.077958308160305
20059.931640625 0.088285736739635
20219.6640625 0.099461667239666
20337.86328125 0.111504651606083
20412.30859375 0.124448128044605
20442.078125 0.138312891125679
20425.71875 0.153125032782555
20361.81640625 0.168910413980484
20249.51171875 0.185689449310303
20087.0859375 0.2034912109375
19874.025390625 0.222332864999771
19608.572265625 0.242244005203247
19290.2265625 0.26324188709259
18917.4609375 0.285354018211365
18489.70703125 0.308598458766937
18006.92578125 0.332939088344574
17471.83984375 0.358254194259644
16888.6875 0.384363323450089
16262.046875 0.411124765872955
15596.6953125 0.438391208648682
14898.453125 0.46600329875946
14173.32421875 0.493800312280655
13427.76953125 0.521619200706482
12668.2578125 0.549301147460938
11901.33984375 0.576692163944244
11133.3046875 0.603648066520691
10370.17578125 0.630035817623138
9617.515625 0.655735969543457
8880.453125 0.680643022060394
8163.375 0.704668998718262
7470.34375 0.727738738059998
6804.421875 0.749796569347382
6168.53125 0.770797550678253
5564.3828125 0.790716767311096
4993.796875 0.809536039829254
4457.375 0.827256083488464
3955.9609375 0.843881130218506
3489.234375 0.859431803226471
3057.265625 0.873929262161255
2659.140625 0.887407541275024
2294.2421875 0.899900496006012
1961.5 0.911448180675507
1659.4765625 0.922095656394958
1387.546875 0.9318807721138
1143.25 0.94085955619812
926.5078125 0.949064433574677
734.9921875 0.956549525260925
568.0625 0.963351726531982
424.4140625 0.969513416290283
302.4765625 0.975078403949738
202.484375 0.980071604251862
122.1015625 0.984541893005371
62.78125 0.988499522209167
22.8359375 0.991984009742737
3.7578129768 0.995002508163452
0.0 0.99763011932373
0.0 1.0
