0.0 0.0
0.0 0.00153609831029
0.0 0.0153609831029
0.0 0.153609831029
0.0 0.307219662058
0.0 0.460829493088
0.0 0.614439324117
0.0 0.645161290323
0.0 0.660522273425
0.0 0.675883256528
0.0 0.691244239631
0.0 0.706605222734
0.0 0.721966205837
0.0 0.73732718894
0.0 0.752688172043
0.0 0.754224270353
0.0 0.755760368664
0.0 0.757296466974
0.0 0.758832565284
0.0 0.760368663594
0.0 0.761904761905
0.0 0.763440860215
0.0 0.764976958525
0.0 0.766513056836
0.0 0.768049155146
0.0 0.769585253456
0.0 0.771121351767
0.0 0.772657450077
0.0 0.774193548387
0.0 0.775729646697
0.0 0.777265745008
0.0 0.778801843318
0.0 0.780337941628
0.0 0.781874039939
0.0 0.783410138249
0.0 0.784946236559
0.0 0.786482334869
0.0 0.78801843318
0.0 0.78955453149
0.0 0.7910906298
0.0 0.792626728111
0.0 0.794162826421
0.0 0.795698924731
0.0 0.797235023041
0.0 0.798771121352
0.0 0.800307219662
0.0 0.801843317972
0.0 0.803379416283
0.0 0.804915514593
0.0 0.806451612903
0.0 0.807987711214
0.0 0.809523809524
0.0 0.811059907834
0.0 0.812596006144
0.0 0.814132104455
0.0 0.815668202765
0.0 0.817204301075
0.0 0.818740399386
0.0 0.820276497696
0.0 0.821812596006
0.0 0.823348694316
0.0 0.824884792627
0.0 0.826420890937
0.0 0.827956989247
0.0 0.829493087558
0.0 0.831029185868
0.0 0.832565284178
0.0 0.834101382488
0.0 0.835637480799
0.0 0.837173579109
0.0 0.838709677419
0.0 0.84024577573
0.0 0.84178187404
0.0 0.84331797235
0.0 0.844854070661
0.0 0.846390168971
0.0 0.847926267281
0.0 0.849462365591
0.0 0.850998463902
0.0 0.852534562212
0.0 0.854070660522
0.0 0.855606758833
0.0 0.857142857143
0.0 0.858678955453
0.0 0.860215053763
0.0 0.861751152074
0.0 0.863287250384
0.0 0.864823348694
0.0 0.866359447005
0.0 0.867895545315
0.0 0.869431643625
0.0 0.870967741935
0.0 0.872503840246
0.0 0.874039938556
0.0 0.875576036866
0.0 0.877112135177
0.0 0.878648233487
0.0 0.880184331797
0.0 0.881720430108
0.0 0.883256528418
0.0 0.884792626728
0.0 0.886328725038
0.0 0.887864823349
0.0 0.889400921659
0.0 0.890937019969
0.0 0.89247311828
0.0 0.89400921659
0.0 0.8955453149
0.0 0.89708141321
0.0 0.898617511521
0.0 0.900153609831
0.0 0.901689708141
0.0 0.903225806452
0.0 0.904761904762
0.0 0.906298003072
0.0 0.907834101382
0.0 0.909370199693
0.0 0.910906298003
0.0 0.912442396313
0.0 0.913978494624
0.0 0.915514592934
0.0 0.917050691244
0.0 0.918586789555
0.0 0.919738713278
0.0 0.922301507296
0.0 0.924636376728
0.0 0.92676453293
0.0 0.928704277074
0.0 0.930470910138
0.0 0.932076612903
0.0 0.933537046371
0.0 0.934868021553
0.0 0.936082199261
0.0 0.937189030098
0.0 0.938194784466
0.0 0.939105762769
0.0 0.939931595622
0.0 0.940685363863
0.0 0.941373487903
0.0 0.941999117944
0.0 0.942568824405
0.0 0.943089117704
0.0 0.943563238047
0.0 0.943991155434
0.0 0.944379410282
0.0 0.944734573013
0.0 0.945056673627
0.0 0.945348982335
0.0 0.94562139977
0.0 0.945887276786
0.0 0.946153213806
0.0 0.946419210829
0.0 0.946685297859
0.0 0.946951444892
0.0 0.94721765193
0.0 0.947483918971
0.0 0.947750276018
0.0 0.948016693068
0.0 0.948283170123
0.0 0.948549737183
0.0 0.948816364247
0.0 0.949083051315
0.0 0.949349798387
0.0 0.949616605463
0.0 0.949883502544
0.0 0.950150489631
0.0 0.95041750672
0.0 0.950684583813
0.0 0.950951750912
0.0 0.951219008017
0.0 0.951486325125
0.0 0.951753672235
0.0 0.952021109351
0.0 0.952288636473
0.0 0.952556223598
0.0 0.952823870728
0.0 0.953091577861
0.0 0.953359344998
0.0 0.953627202141
0.0 0.953895119288
0.0 0.954163096438
0.0 0.954431163594
0.0 0.954699290755
0.0 0.954967477919
0.0 0.955235725086
0.0 0.95550406226
0.0 0.955772459437
0.0 0.956040916619
0.0 0.956309463806
0.0 0.956578070997
0.0 0.956846738191
0.0 0.957115495392
0.0 0.957384312596
0.0 0.957653189804
0.0 0.957922157018
0.0 0.958191184236
0.0 0.958460271457
0.0 0.958729418683
0.0 0.958998655914
0.0 0.959267953149
0.0 0.959537310388
0.0 0.959806757632
0.0 0.960076294883
0.0 0.960345892137
0.0 0.960615549395
0.0 0.960885326661
0.0 0.96115516393
0.0 0.961425061204
0.0 0.961695048483
0.0 0.961965095766
0.0 0.962235233055
0.0 0.962505460349
0.0 0.962775747648
0.0 0.963046124952
0.0 0.963316592262
0.0 0.963587119576
0.0 0.963857706893
0.0 0.964128384217
0.0 0.964399151546
0.0 0.964670008881
0.0 0.964940926219
0.0 0.965211903562
0.0 0.96548297091
0.0 0.965754128264
0.0 0.966025375624
0.0 0.966296682988
0.0 0.966568080357
0.0 0.96683953773
0.0 0.967111085109
0.0 0.967382722494
0.0 0.967654419883
0.0 0.967926207277
0.0 0.968198054675
0.0 0.968469992079
0.0 0.968742019489
0.0 0.969014106903
0.0 0.96928625432
0.0 0.969558491743
0.0 0.969830819172
0.0 0.970103206605
0.0 0.970375684044
0.0 0.970648251488
0.0 0.970920878936
0.0 0.97119359639
0.0 0.97146640385
0.0 0.971739271313
0.0 0.972012198781
0.0 0.972285216254
0.0 0.972558323733
0.0 0.972831521217
0.0 0.973104778706
0.0 0.973378096198
0.0 0.973651533698
0.0 0.973925031202
0.0 0.97419858871
0.0 0.974472266225
0.0 0.974746003744
0.0 0.975019801267
0.0 0.975293688796
0.0 0.975567666331
0.0 0.975841733871
0.0 0.976115861415
0.0 0.976390078965
0.0 0.976664356519
0.0 0.976938694076
0.0 0.977213151642
0.0 0.977487699213
0.0 0.977762306788
0.0 0.978036974366
0.0 0.978311731951
0.0 0.978586579541
0.0 0.978861487135
0.0 0.979136454733
0.0 0.979411512337
0.0 0.979686689948
0.0 0.979961927563
0.0 0.980237225182
0.0 0.980512612807
0.0 0.980788090438
0.0 0.981063658074
0.0 0.981339285714
0.0 0.98161500336
0.0 0.98189078101
0.0 0.982166648666
0.0 0.982442606327
0.0 0.982718623992
0.0 0.982994731663
0.0 0.983270899338
0.0 0.983547157018
0.0 0.983823504704
0.0 0.984099912394
0.0 0.98437641009
0.0 0.984652997792
0.0 0.984929645497
0.0 0.985206383209
0.0 0.985483210925
0.0 0.985760098646
0.0 0.986037076373
0.0 0.986314144105
0.0 0.986591271841
0.0 0.986868489583
0.0 0.987145797331
0.0 0.987423165083
0.0 0.98770062284
0.0 0.987978170603
0.0 0.98825577837
0.0 0.988533476142
0.0 0.988811263921
0.0 0.989089111703
0.0 0.989367049491
0.0 0.989645077285
0.0 0.989923165083
0.0 0.990201342886
0.0 0.990479580693
0.0 0.990757908506
0.0 0.991036326325
0.0 0.991314804147
0.0 0.991593371976
0.0 0.99187202981
0.0 0.99215077765
0.0 0.992429585493
0.0 0.992708483343
0.0 0.992987471198
0.0 0.993266519057
0.0 0.993545656922
0.0 0.993824884793
0.0 0.994104202669
0.0 0.994383640553
0.0 0.994663258449
0.0 0.994943116359
0.0 0.99522327429
0.0 0.995503762241
0.0 0.995784580213
0.0 0.996065728207
0.0 0.996347176219
0.0 0.996628954253
0.0 0.99691109231
0.0 0.997193560388
0.0 0.997476328485
0.0 0.997759426603
0.0 0.998042884745
0.0 0.998326642905
0.0 0.998610611079
0.0 0.998894669259
0.0 0.999178727439
0.0 0.999462785618
0.0 1.0
