0.000000 0.0000000000
271.828183 0.0000000000
973.188280 0.0000000000
2030.384267 0.0000000000
3319.226030 0.0000000000
4795.396231 0.0000000000
6433.281895 0.0000000000
8215.601394 0.0000000000
10096.132563 0.0003309675
11988.307779 0.0017502454
13834.682123 0.0047467200
15583.858088 0.0097630763
17187.794886 0.0172188647
18602.008555 0.0275061852
19786.497669 0.0409789128
20706.971826 0.0579393888
21336.176625 0.0786244617
21655.154375 0.1031923737
21654.293789 0.1317118797
21349.398517 0.1630387143
20799.963249 0.1956652968
20063.043810 0.2291058092
19186.977397 0.2629653973
18211.807506 0.2969317553
17170.190348 0.3307628186
16088.493072 0.3642733463
14987.896852 0.3973221613
13885.397395 0.4298010406
12794.651871 0.4616256930
11726.658425 0.4927289008
10690.276989 0.5230556870
9692.612455 0.5525602477
8739.286691 0.5812043462
7834.626887 0.6089568564
6981.796027 0.6357941683
6182.888017 0.6617012022
5439.005999 0.6866728253
4750.338217 0.7107155105
4116.241919 0.7338491181
3535.342466 0.7561087224
3005.652443 0.7775464304
2524.714255 0.7982331608
2089.769666 0.8182603537
1705.297418 0.8373613875
1374.651994 0.8552205742
1093.095953 0.8718800642
855.930809 0.8873812719
658.559613 0.9017642034
496.535186 0.9150669112
365.596754 0.9273250455
261.697342 0.9385714693
181.023925 0.9488359088
120.012010 0.9581446011
75.356071 0.9665198957
44.017046 0.9739797401
23.227928 0.9805369262
10.498339 0.9861978406
3.618836 0.9909600628
0.665238 0.9948065724
0.000000 0.9976807303
0.000000 1.0000000000
