      0.      0.
      2718.281829      0.0000000000
      3747.089291      0.0000000000
      4915.587160      0.0000000000
      6184.629456      0.0000000000
      7511.826567      0.0000000000
      8869.101344      0.0000000000
     10030.304356      0.0020808742
     10981.652856      0.0063342307
     11785.441359      0.0121732181
     12467.115388      0.0193986154
     13036.996600      0.0278371306
     13504.534974      0.0373529653
     13878.638942      0.0478429390
     14167.467732      0.0592352126
     14378.164793      0.0714873482
     14516.624747      0.0845746582
     14587.358345      0.0983741718
     14595.755313      0.1128383503
     14546.696521      0.1279315334
     14444.613314      0.1436185400
     14293.673022      0.1598595007
     14097.987345      0.1766044735
     13861.830406      0.1937879788
     13589.853257      0.2113235966
     13287.281608      0.2290987842
     12960.083871      0.2469701004
     12612.251710      0.2649022016
     12247.287675      0.2828675957
     11868.245840      0.3008456607
     11477.778900      0.3188216081
     11078.188746      0.3367854211
     10671.478183      0.3547307961
     10259.401904      0.3726541060
      9843.515363      0.3905533994
      9425.220462      0.4084274461
      9005.807300      0.4262748343
      8586.491397      0.4440931265
      8168.695589      0.4618674416
      7753.760647      0.4795830255
      7342.954609      0.4972249800
      6937.480580      0.5147780123
      6538.483021      0.5322262004
      6147.052425      0.5495527773
      5764.228347     0.5667399335
      5391.000788      0.5837686388
      5028.309984      0.6006184839
      4677.044680      0.6172675404
      4338.039010      0.6336922407
      4012.068233      0.6498672716
      3699.843282      0.6657654933
      3402.004748      0.6813578657
      3119.007629      0.6966193450
      2851.141239      0.7115283190
      2598.537627      0.7260667007
      2361.182186      0.7402199922
      2138.926037      0.7539773233
      1931.499783      0.7673314668
      1738.528216      0.7802788340
      1559.545611      0.7928194542
      1394.011240      0.8049569410
      1241.324890      0.8166984434
      1100.841912      0.8280546004
       971.887912      0.8390394770
       853.772700      0.8496705050
       746.106511      0.8599386316
       648.446293      0.8698369440
       560.305239      0.8793606592
       481.162282      0.8885071083
       410.471379      0.8972757162
       347.670445      0.9056679778
       292.189811      0.9136874321
       243.460098      0.9213396338
       200.919421      0.9286321259
       164.019880      0.9355744104
       132.233270      0.9421779224
       105.056050      0.9484559990
        82.013496      0.9544238611
        62.744832      0.9600729770
        46.885714      0.9653949126
        34.071514      0.9703813221
        23.940739      0.9750239392
        16.138537      0.9793145669
        10.320302      0.9832450676
         6.155336      0.9868073535
         3.330576      0.9899933762
         1.554347      0.9927951169
         0.560130      0.9952045769
         0.110328      0.9972137692
         0.000000      0.9988147073
         0.000000      1.0000000000
