0.0 0.0
2.00004 0.0
3.980832 0.0
7.387186 0.0
12.908319 0.0
21.413612 0.0
33.952858 0.0
51.746601 0.0
76.167656 0.0
108.715561 0.0
150.986023 0.0
204.637451 0.0
271.356506 0.0
352.824493 0.0
450.685791 0.0
566.519226 0.0
701.813354 0.0
857.945801 0.0
1036.166504 0.0
1237.585449 0.0
1463.16394 0.0
1713.709595 0.0
1989.87439 0.0
2292.155518 0.0
2620.898438 0.0
2976.302246 0.0
3358.425781 0.0
3767.196045 0.0
4202.416504 0.0
4663.776367 0.0
5150.859863 0.0
5663.15625 0.0
6199.839355 0.0
6759.727051 0.0
7341.469727 2.724e-07
7942.92627 1.39116e-05
8564.624023 5.46672e-05
9208.305664 0.0001313641
9873.560547 0.0002788848
10558.881836 0.0005483841
11262.484375 0.0010001344
11982.662109 0.0017010754
12713.897461 0.0027647193
13453.225586 0.0042670486
14192.009766 0.0063221669
14922.685547 0.0090349903
15638.053711 0.0125082629
16329.560547 0.016859578
16990.623047 0.0221886449
17613.28125 0.0286103487
18191.029297 0.0362269096
18716.96875 0.0451461338
19184.544922 0.0554742292
19587.513672 0.0673161894
19919.796875 0.0807773024
20175.394531 0.0959640592
20348.916016 0.1129790097
20434.158203 0.1319348216
20426.21875 0.1529335231
20319.011719 0.1760910898
20107.03125 0.20152013
19785.357422 0.2293148786
19348.775391 0.2595544755
18798.822266 0.2919934094
18141.296875 0.3263293803
17385.595703 0.3622025847
16544.585938 0.3992047608
15633.566406 0.4369063377
14665.645508 0.4750164151
13653.219727 0.513279736
12608.383789 0.551458478
11543.166992 0.589317143
10471.310547 0.6265588999
9405.222656 0.662933588
8356.25293 0.6982235909
7335.164551 0.7322238088
6353.920898 0.7646794915
5422.802734 0.7953847647
4550.21582 0.824185431
3743.464355 0.8509504199
3010.146973 0.8755183816
2356.202637 0.8977672458
1784.854614 0.917650938
1297.656128 0.9351570606
895.193542 0.9502738118
576.314148 0.9630070925
336.772369 0.9734660387
162.043427 0.9822381139
54.208336 0.9891529679
6.575628 0.9942041636
0.00316 0.9976301193
0.0 1.0
