 &NAM1D
  IFLEV=137,
  LALAPHYS=.T.,
  LREASUR=.T.,
  NFORC=18
  IYEAR=1993
  IMONTH=2
  IDAY=23
  IHH=20
  IMIN=0
 /
 ETA                      
 vah                      
   0.0000000000000000     
   2.0003650188000002     
   3.1022410392999999     
   4.6660838127000002     
   6.8279771804999996     
   9.7469663620000002     
   13.605423927300000     
   18.608930587800000     
   24.985717773400001     
   32.985710144000002     
   42.879241943399997     
   54.955463409399997     
   69.520576477099993     
   86.895881652800000     
   107.41574096680000     
   131.42550659180000     
   159.27940368649999     
   191.33856201169999     
   227.96894836429999     
   269.53958129879999     
   316.42074584960000     
   368.98236083979998     
   427.59249877930000     
   492.61602783199999     
   564.41345214839998     
   643.33990478520002     
   729.74414062500000     
   823.96783447270002     
   926.34490966800001     
   1037.2011718750000     
   1156.8536376953000     
   1285.6103515625000     
   1423.7701416016000     
   1571.6229248047000     
   1729.4489746094000     
   1897.5192871094000     
   2076.0959472656000     
   2265.4316406250000     
   2465.7705078125000     
   2677.3481445313000     
   2900.3913574219000     
   3135.1193847656000     
   3381.7436523438000     
   3640.4682617188000     
   3911.4904785156000     
   4194.9306640625000     
   4490.8173828125000     
   4799.1494140625000     
   5119.8950195313000     
   5452.9907226563000     
   5798.3447265625000     
   6156.0742187500000     
   6526.9467773438000     
   6911.8706054688000     
   7311.8691406250000     
   7727.4121093750000     
   8159.3540039063000     
   8608.5253906250000     
   9076.4003906250000     
   9562.6826171875000     
   10065.978515625000     
   10584.631835937500     
   11116.662109375000     
   11660.067382812500     
   12211.547851562500     
   12766.873046875000     
   13324.668945312500     
   13881.331054687500     
   14432.139648437500     
   14975.615234375000     
   15508.256835937500     
   16026.115234375000     
   16527.322265625000     
   17008.789062500000     
   17467.613281250000     
   17901.621093750000     
   18308.433593750000     
   18685.718750000000     
   19031.289062500000     
   19343.511718750000     
   19620.042968750000     
   19859.390625000000     
   20059.931640625000     
   20219.664062500000     
   20337.863281250000     
   20412.308593750000     
   20442.078125000000     
   20425.718750000000     
   20361.816406250000     
   20249.511718750000     
   20087.085937500000     
   19874.025390625000     
   19608.572265625000     
   19290.226562500000     
   18917.460937500000     
   18489.707031250000     
   18006.925781250000     
   17471.839843750000     
   16888.687500000000     
   16262.046875000000     
   15596.695312500000     
   14898.453125000000     
   14173.324218750000     
   13427.769531250000     
   12668.257812500000     
   11901.339843750000     
   11133.304687500000     
   10370.175781250000     
   9617.5156250000000     
   8880.4531250000000     
   8163.3750000000000     
   7470.3437500000000     
   6804.4218750000000     
   6168.5312500000000     
   5564.3828125000000     
   4993.7968750000000     
   4457.3750000000000     
   3955.9609375000000     
   3489.2343750000000     
   3057.2656250000000     
   2659.1406250000000     
   2294.2421875000000     
   1961.5000000000000     
   1659.4765625000000     
   1387.5468750000000     
   1143.2500000000000     
   926.50781250000000     
   734.99218750000000     
   568.06250000000000     
   424.41406250000000     
   302.47656250000000     
   202.48437500000000     
   122.10156250000000     
   62.781250000000000     
   22.835937500000000     
   3.7578129767999999     
   0.0000000000000000     
   0.0000000000000000     
 vbh                      
   0.0000000000000000     
   0.0000000000000000     
   0.0000000000000000     
   0.0000000000000000     
   0.0000000000000000     
   0.0000000000000000     
   0.0000000000000000     
   0.0000000000000000     
   0.0000000000000000     
   0.0000000000000000     
   0.0000000000000000     
   0.0000000000000000     
   0.0000000000000000     
   0.0000000000000000     
   0.0000000000000000     
   0.0000000000000000     
   0.0000000000000000     
   0.0000000000000000     
   0.0000000000000000     
   0.0000000000000000     
   0.0000000000000000     
   0.0000000000000000     
   0.0000000000000000     
   0.0000000000000000     
   0.0000000000000000     
   0.0000000000000000     
   0.0000000000000000     
   0.0000000000000000     
   0.0000000000000000     
   0.0000000000000000     
   0.0000000000000000     
   0.0000000000000000     
   0.0000000000000000     
   0.0000000000000000     
   0.0000000000000000     
   0.0000000000000000     
   0.0000000000000000     
   0.0000000000000000     
   0.0000000000000000     
   0.0000000000000000     
   0.0000000000000000     
   0.0000000000000000     
   0.0000000000000000     
   0.0000000000000000     
   0.0000000000000000     
   0.0000000000000000     
   0.0000000000000000     
   0.0000000000000000     
   0.0000000000000000     
   0.0000000000000000     
   0.0000000000000000     
   0.0000000000000000     
   0.0000000000000000     
   0.0000000000000000     
   3.8199999999999998E-008
   6.7607002169999998E-006
   2.4348000807000000E-005
   5.8921999879999998E-005
   1.1191429803100000E-004
   1.9857739971500000E-004
   3.4037968725900001E-004
   5.6155532365700000E-004
   8.8969792704999997E-004
   1.3528055278580000E-003
   1.9918379839509999E-003
   2.8571242000910001E-003
   3.9709536358710001E-003
   5.3778146393599997E-003
   7.1333767846229997E-003
   9.2614600434900007E-003
   1.1806022375822000E-002
   1.4815628528595000E-002
   1.8318451941013000E-002
   2.2354844957589999E-002
   2.6963520795106999E-002
   3.2176095992327000E-002
   3.8026399910450003E-002
   4.4547960162163003E-002
   5.1773015409708002E-002
   5.9728413820267001E-002
   6.8448252975940996E-002
   7.7958308160304995E-002
   8.8285736739634996E-002
   9.9461667239665999E-002
  0.11150465160608300     
  0.12444812804460501     
  0.13831289112567899     
  0.15312503278255499     
  0.16891041398048401     
  0.18568944931030301     
  0.20349121093750000     
  0.22233286499977101     
  0.24224400520324699     
  0.26324188709259000     
  0.28535401821136502     
  0.30859845876693698     
  0.33293908834457397     
  0.35825419425964400     
  0.38436332345008900     
  0.41112476587295499     
  0.43839120864868197     
  0.46600329875946001     
  0.49380031228065502     
  0.52161920070648204     
  0.54930114746093806     
  0.57669216394424405     
  0.60364806652069103     
  0.63003581762313798     
  0.65573596954345703     
  0.68064302206039395     
  0.70466899871826205     
  0.72773873805999800     
  0.74979656934738204     
  0.77079755067825295     
  0.79071676731109597     
  0.80953603982925404     
  0.82725608348846402     
  0.84388113021850597     
  0.85943180322647095     
  0.87392926216125499     
  0.88740754127502397     
  0.89990049600601196     
  0.91144818067550704     
  0.92209565639495805     
  0.93188077211380005     
  0.94085955619812001     
  0.94906443357467696     
  0.95654952526092496     
  0.96335172653198198     
  0.96951341629028298     
  0.97507840394973799     
  0.98007160425186202     
  0.98454189300537098     
  0.98849952220916704     
  0.99198400974273704     
  0.99500250816345204     
  0.99763011932373002     
   1.0000000000000000     
 ATMOSPHERE               
 zorog                    
   0.0000000000000000     
 ps                       
   100600.00000000000     
 WIND.U                   
  -3.2399999251178810     
  -3.2400000578165056     
  -3.2400000095367432     
  -3.2400000547990206     
  -3.2400000095367432     
  -3.2399999129772183     
  -3.2400000578165056     
  -3.2399999129772183     
  -3.2399999371170995     
  -3.2400001060962680     
  -3.2400001060962680     
  -3.2400000819563868     
  -3.2399999129772183     
  -3.2400000578165056     
  -3.2399999129772183     
  -3.2399999129772183     
  -3.2400000336766244     
  -3.2399999129772183     
  -3.2400001060962680     
  -3.2399999129772183     
  -3.2400001060962680     
  -3.2400000457465650     
  -3.2400000095367432     
  -3.2400000578165056     
  -3.2400000095367432     
  -3.2400001060962680     
  -3.2400000457465650     
  -3.2400000095367432     
  -3.2400000578165056     
  -3.2400001060962680     
  -3.2400001060962680     
  -3.2400000578165056     
  -3.2400000095367432     
  -3.2399999612569808     
  -3.2400000578165056     
  -3.2400000095367432     
  -3.2399999371170995     
  -3.2400001060962680     
  -3.2400000095367432     
  -3.2400001060962680     
  -3.2400000095367432     
  -3.2400000095367432     
  -3.2400000095367432     
  -3.2400000095367432     
  -3.2400000578165056     
  -3.2399999612569808     
  -3.2399999129772183     
  -3.2400000578165056     
  -3.2400000578165056     
  -3.2399999129772183     
  -3.2400001060962680     
  -3.2400001060962680     
  -3.2400001060962680     
  -3.2400000095367432     
  -3.2399999612569808     
  -3.2400000095367432     
  -3.2399999129772183     
  -3.2399999371170995     
  -3.2400001060962680     
  -3.2399999129772183     
  -3.2400000578165056     
  -3.2399999612569808     
  -3.2400000095367432     
  -3.2400001060962680     
  -3.2400000578165056     
  -3.2399999853968620     
  -3.2400000095367432     
  -3.2076162604405312     
  -3.0672467234587946     
  -2.6801928794643981     
  -2.2992730087963764     
  -1.9431847710412136     
  -1.6122047668446771     
  -1.3056261667820686     
  -1.0345476921798280     
 -0.74124506263232348     
 -0.41329223999157377     
  -6.3689316824855804E-002
  0.27273600499122397     
  0.60269358214330548     
  0.92693623124073854     
   1.2397158826323178     
   1.5362016692698290     
   1.8198142316784376     
   2.1308948518268060     
   2.4719748874790071     
   2.8260270911628602     
   3.1620350519396823     
   3.4968652439266918     
   3.8361505089710448     
   4.1800125480328818     
   4.5385998728102663     
   4.9038242618924528     
   5.2724495560752587     
   5.6543808925324015     
   6.0636528230864428     
   6.5025166321652534     
   6.9864376928238414     
   7.4702153450603674     
   7.9581991081947194     
   8.4594664634962982     
   8.9084784965952224     
   9.3351042241953053     
   9.7475485362180052     
   10.173345504135522     
   10.616396889996846     
   11.055548231990628     
   11.477364375368259     
   11.860543059714644     
   12.048871504000175     
   12.047400135720089     
   11.911067414832104     
   11.676974482687513     
   11.367956751637285     
   10.924031891398673     
   10.427767866890122     
   9.8791051536422287     
   9.2009214466472713     
   8.5408680904489245     
   7.9137719427473598     
   7.2252759253683507     
   6.5021662433711924     
   5.7564689877715409     
   5.0494915386820161     
   4.3936213408610039     
   3.7883849104039489     
   3.2323302630897430     
   2.7224299234270926     
   2.2558164840571711     
   1.8297816761123191     
   1.4395411394198405     
   1.0824213490470171     
  0.75526288348400605     
  0.45713026156887793     
  0.18423125229874454     
  -2.9999998882412920E-002
  -2.9999999329447746E-002
 WIND.V                   
   4.0799998174008234     
   4.0799999845027912     
   4.0799999237060547     
   4.0799999807029952     
   4.0799999237060547     
   4.0799998021125816     
   4.0799999845027912     
   4.0799998021125816     
   4.0799998325109499     
   4.0800000452995278     
   4.0800000452995278     
   4.0800000149011595     
   4.0799998021125816     
   4.0799999845027912     
   4.0799998021125816     
   4.0799998021125816     
   4.0799999541044230     
   4.0799998021125816     
   4.0800000452995278     
   4.0799998021125816     
   4.0800000452995278     
   4.0799999693036071     
   4.0799999237060547     
   4.0799999845027912     
   4.0799999237060547     
   4.0800000452995278     
   4.0799999693036071     
   4.0799999237060547     
   4.0799999845027912     
   4.0800000452995278     
   4.0800000452995278     
   4.0799999845027912     
   4.0799999237060547     
   4.0799998629093182     
   4.0799999845027912     
   4.0799999237060547     
   4.0799998325109499     
   4.0800000452995278     
   4.0799999237060547     
   4.0800000452995278     
   4.0799999237060547     
   4.0799999237060547     
   4.0799999237060547     
   4.0799999237060547     
   4.0799999845027912     
   4.0799998629093182     
   4.0799998021125816     
   4.0799999845027912     
   4.0799999845027912     
   4.0799998021125816     
   4.0800000452995278     
   4.0800000452995278     
   4.0800000452995278     
   4.0799999237060547     
   4.0799998629093182     
   4.0799999237060547     
   4.0799998021125816     
   4.0799998325109499     
   4.0800000452995278     
   4.0799998021125816     
   4.0799999845027912     
   4.0799998629093182     
   4.0799999237060547     
   4.0800000452995278     
   4.0799999845027912     
   4.0799998933076864     
   4.0799999237060547     
   4.0574294191394955     
   3.9595960415049660     
   3.6898314852824594     
   3.4270787959928266     
   3.1866888614446154     
   2.9693986153169907     
   2.7759471956125643     
   2.6161889638370042     
   2.4731175737087767     
   2.3424608017805899     
   2.2136837502378555     
   2.0605169162786012     
   1.8924897272795320     
   1.7157141341168032     
   1.5287006840746353     
   1.3131549222391603     
   1.0710397163209269     
  0.84436320075538340     
  0.63347361599024765     
  0.41990905324764394     
  0.17261095319042224     
  -5.5134912481819690E-002
 -0.27186490986706602     
 -0.47359283119662998     
 -0.66361720197780016     
 -0.84928386736173778     
  -1.0292097280029584     
  -1.1872403179839994     
  -1.3565540245539367     
  -1.5407562578268212     
  -1.7535936781565551     
  -1.9327277933628577     
  -2.0816358312747241     
  -2.1963839187139480     
  -2.3034080018390952     
  -2.4082169240100058     
  -2.5150380673037631     
  -2.6479269342853295     
  -2.8125427409599979     
  -2.9940089165110955     
  -3.1864614673935150     
  -3.3907692862807082     
  -3.6315166125319402     
  -3.9061562452724350     
  -4.2070229229029934     
  -4.5225733879184702     
  -4.8452261307759557     
  -5.1660050125605181     
  -5.4564273536399810     
  -5.7167641617361076     
  -5.9394756885226343     
  -6.1422010679596619     
  -6.3224116582404264     
  -6.4324962944731254     
  -6.4889088807011035     
  -6.4992593518610704     
  -6.4999998304992914     
  -6.5000000000000000     
  -6.5000001937150955     
  -6.4999998062849045     
  -6.4999998062849045     
  -6.4999999031424522     
  -6.5000000000000000     
  -6.5000001695007086     
  -6.5000000000000000     
  -6.5000001937150955     
  -6.4999998062849045     
  -6.5000001937150955     
  -6.4999999031424522     
  -6.5000000000000000     
 TEMPERATURE              
   182.77472973483728     
   182.77473722062609     
   182.77473449707031     
   182.77473705040387     
   182.77473449707031     
   182.77472904995875     
   182.77473722062609     
   182.77472904995875     
   182.77473041173664     
   182.77473994418187     
   182.77473994418187     
   182.77473858240398     
   182.77472904995875     
   182.77473722062609     
   182.77472904995875     
   182.77472904995875     
   182.77473585884820     
   182.77472904995875     
   182.77473994418187     
   182.77472904995875     
   182.77473994418187     
   182.77473653973715     
   182.77473449707031     
   182.77473722062609     
   182.77473449707031     
   182.77473994418187     
   182.77473653973715     
   182.77473449707031     
   182.77473722062609     
   182.77473994418187     
   182.77473994418187     
   182.77473722062609     
   182.77473449707031     
   182.77473177351453     
   182.77473722062609     
   182.77473449707031     
   182.77680934670229     
   182.79043470845633     
   182.85377075583165     
   182.96143250789015     
   183.07514814751997     
   183.19454627133928     
   183.31955746679887     
   183.45092935652428     
   183.58862686091288     
   183.73284622116449     
   183.88303214219383     
   184.06219335597217     
   184.36794300811107     
   184.80827879910473     
   185.31362627562837     
   185.68944035753475     
   186.04159073642177     
   186.37068017464841     
   186.63395179332861     
   187.25022757338593     
   188.11171076794832     
   189.19495576138920     
   189.54386457158125     
   189.73950148154336     
   190.18088141583328     
   191.83469430040509     
   193.63197165224119     
   195.61402997972027     
   197.75595842783488     
   199.98611912232818     
   202.27255611224152     
   204.66581025772803     
   207.19650618016752     
   209.91267489630314     
   212.66171845661304     
   215.37673401513533     
   218.05447889073869     
   220.68867443106342     
   223.24007713648322     
   225.79581357411186     
   228.37560625659944     
   230.99681440808214     
   233.58847968044211     
   236.17502415329704     
   238.75002629674444     
   241.28099775844385     
   243.67011877797040     
   245.91435867588515     
   248.10994678039722     
   250.28861885455996     
   252.44309810015039     
   254.49504102442279     
   256.49421368419007     
   258.46774630783153     
   260.38697129784538     
   262.16388869086956     
   263.91581189396675     
   265.64601170027254     
   267.34887417529899     
   269.05976860439296     
   270.76890160315634     
   272.41571553453286     
   273.97020355963923     
   275.47501774088596     
   276.98744495632218     
   278.39560532990163     
   279.69303024845885     
   280.87569165679452     
   281.95361027650097     
   282.99566638740362     
   283.99764797488979     
   284.95269484104961     
   285.84692793977865     
   286.77409214854561     
   287.73129269929109     
   288.66028137424291     
   289.57083002741820     
   290.45536093402370     
   291.29725519167278     
   292.06952339474083     
   292.77282660812858     
   293.39850188147102     
   293.97543718339602     
   294.50089560962078     
   295.01710346503296     
   295.51831486280844     
   295.99956523312085     
   296.44850396488630     
   296.85548895207830     
   297.22968663425490     
   297.56983691901132     
   297.88295520363681     
   298.17077855791194     
   298.43533646424476     
   298.67840564176367     
   298.90047457236324     
   299.10350429035861     
   299.28692296524150     
   299.45469292827784     
   299.58626872917603     
   299.58627319335938     
 HUMI.SPECIFI             
   9.9999997142003851E-007
   1.0000000123764039E-006
   9.9999999747524271E-007
   1.0000000114450814E-006
   9.9999999747524271E-007
   9.9999996767292040E-007
   1.0000000123764039E-006
   9.9999996767292040E-007
   9.9999997512350097E-007
   1.0000000272775650E-006
   1.0000000272775650E-006
   1.0000000198269844E-006
   9.9999996767292040E-007
   1.0000000123764039E-006
   9.9999996767292040E-007
   9.9999996767292040E-007
   1.0000000049258233E-006
   9.9999996767292040E-007
   1.0000000272775650E-006
   9.9999996767292040E-007
   1.0000000272775650E-006
   1.0000000086511136E-006
   9.9999999747524271E-007
   1.0000000123764039E-006
   9.9999999747524271E-007
   1.0000000272775650E-006
   1.0000000086511136E-006
   9.9999999747524271E-007
   1.0000000123764039E-006
   1.0000000272775650E-006
   1.0000000272775650E-006
   1.0000000123764039E-006
   9.9999999747524271E-007
   9.9999998257408155E-007
   1.0000000123764039E-006
   9.9999999747524271E-007
   9.9999997512350097E-007
   1.0000000272775650E-006
   9.9999999747524271E-007
   1.0000000272775650E-006
   9.9999999747524271E-007
   9.9999999747524271E-007
   9.9999999747524271E-007
   9.9999999747524271E-007
   1.0000000123764039E-006
   9.9999998257408155E-007
   9.9999996767292040E-007
   1.0000000123764039E-006
   1.0000000123764039E-006
   9.9999996767292040E-007
   1.0000000272775650E-006
   1.0000000272775650E-006
   1.0000000272775650E-006
   9.9999999747524271E-007
   9.9999998257408155E-007
   9.9999999747524271E-007
   9.9999996767292040E-007
   9.9999997512350097E-007
   1.0000000272775650E-006
   9.9999996767292040E-007
   1.0000000123764039E-006
   9.9999998257408155E-007
   9.9999999747524271E-007
   1.0000000272775650E-006
   1.0000000123764039E-006
   9.9999999002466213E-007
   9.9999999747524271E-007
   1.0000000272775650E-006
   9.9999999747524271E-007
   9.9999997139821068E-007
   1.8647188514133394E-006
   4.3269118675679983E-006
   9.1550958656688676E-006
   1.8391283273316364E-005
   3.3437986973791200E-005
   7.1428036452770172E-005
   1.3597508840384282E-004
   2.1594308071710500E-004
   2.9397173327260547E-004
   3.7654793505811739E-004
   4.7010344514931805E-004
   5.7790056754478819E-004
   7.1643376913763795E-004
   8.8661380767605978E-004
   1.0748193292475592E-003
   1.2787418702015774E-003
   1.5062823498502263E-003
   1.7824298459643284E-003
   2.0864267366286493E-003
   2.4123564017494853E-003
   2.7625231622180144E-003
   3.1310227674026386E-003
   3.5246318112956837E-003
   3.9491198039839602E-003
   4.3536835674611585E-003
   4.7605026924402993E-003
   5.1703956973346288E-003
   5.6016708941257209E-003
   6.0586210916776240E-003
   6.5298736985333616E-003
   7.0009445628112787E-003
   7.5193929898036554E-003
   8.0243317703379002E-003
   8.5051009185254101E-003
   8.9769180732152953E-003
   9.4634119981651388E-003
   9.9447999548638033E-003
   1.0408532345131186E-002
   1.0833936537625100E-002
   1.1251338206359068E-002
   1.1662022203621156E-002
   1.2075190476128900E-002
   1.2482363783937855E-002
   1.2883423061961552E-002
   1.3364161529495322E-002
   1.3915509883859589E-002
   1.4537484345288287E-002
   1.5287306808718926E-002
   1.6010415812588913E-002
   1.6682585001489725E-002
   1.7209062888257021E-002
   1.7619336852902318E-002
   1.7908957811303916E-002
   1.8157132677523780E-002
   1.8368274610519708E-002
   1.8567629963337828E-002
   1.8762695329345158E-002
   1.8938155869061002E-002
   1.9095027209492021E-002
   1.9234234111027648E-002
   1.9360070031332652E-002
   1.9484038644518531E-002
   1.9600068123403425E-002
   1.9713247360037045E-002
   1.9817604488770402E-002
   1.9899999426305298E-002
   1.9899999722838402E-002
 FORCING                  
 FORU                     
  -3.2399999251178810     
  -3.2400000578165056     
  -3.2400000095367432     
  -3.2400000547990206     
  -3.2400000095367432     
  -3.2399999129772183     
  -3.2400000578165056     
  -3.2399999129772183     
  -3.2399999371170995     
  -3.2400001060962680     
  -3.2400001060962680     
  -3.2400000819563868     
  -3.2399999129772183     
  -3.2400000578165056     
  -3.2399999129772183     
  -3.2399999129772183     
  -3.2400000336766244     
  -3.2399999129772183     
  -3.2400001060962680     
  -3.2399999129772183     
  -3.2400001060962680     
  -3.2400000457465650     
  -3.2400000095367432     
  -3.2400000578165056     
  -3.2400000095367432     
  -3.2400001060962680     
  -3.2400000457465650     
  -3.2400000095367432     
  -3.2400000578165056     
  -3.2400001060962680     
  -3.2400001060962680     
  -3.2400000578165056     
  -3.2400000095367432     
  -3.2399999612569808     
  -3.2400000578165056     
  -3.2400000095367432     
  -3.2399999371170995     
  -3.2400001060962680     
  -3.2400000095367432     
  -3.2400001060962680     
  -3.2400000095367432     
  -3.2400000095367432     
  -3.2400000095367432     
  -3.2400000095367432     
  -3.2400000578165056     
  -3.2399999612569808     
  -3.2399999129772183     
  -3.2400000578165056     
  -3.2400000578165056     
  -3.2399999129772183     
  -3.2400001060962680     
  -3.2400001060962680     
  -3.2400001060962680     
  -3.2400000095367432     
  -3.2399999612569808     
  -3.2400000095367432     
  -3.2399999129772183     
  -3.2399999371170995     
  -3.2400001060962680     
  -3.2399999129772183     
  -3.2400000578165056     
  -3.2399999612569808     
  -3.2400000095367432     
  -3.2400001060962680     
  -3.2400000578165056     
  -3.2399999853968620     
  -3.2400000095367432     
  -3.2076162604405312     
  -3.0672467234587946     
  -2.6801928794643981     
  -2.2992730087963764     
  -1.9431847710412136     
  -1.6122047668446771     
  -1.3056261667820686     
  -1.0345476921798280     
 -0.74124506263232348     
 -0.41329223999157377     
  -6.3689316824855804E-002
  0.27273600499122397     
  0.60269358214330548     
  0.92693623124073854     
   1.2397158826323178     
   1.5362016692698290     
   1.8198142316784376     
   2.1308948518268060     
   2.4719748874790071     
   2.8260270911628602     
   3.1620350519396823     
   3.4968652439266918     
   3.8361505089710448     
   4.1800125480328818     
   4.5385998728102663     
   4.9038242618924528     
   5.2724495560752587     
   5.6543808925324015     
   6.0636528230864428     
   6.5025166321652534     
   6.9864376928238414     
   7.4702153450603674     
   7.9581991081947194     
   8.4594664634962982     
   8.9084784965952224     
   9.3351042241953053     
   9.7475485362180052     
   10.173345504135522     
   10.616396889996846     
   11.055548231990628     
   11.477364375368259     
   11.860543059714644     
   12.048871504000175     
   12.047400135720089     
   11.911067414832104     
   11.676974482687513     
   11.367956751637285     
   10.924031891398673     
   10.427767866890122     
   9.8791051536422287     
   9.2009214466472713     
   8.5408680904489245     
   7.9137719427473598     
   7.2252759253683507     
   6.5021662433711924     
   5.7564689877715409     
   5.0494915386820161     
   4.3936213408610039     
   3.7883849104039489     
   3.2323302630897430     
   2.7224299234270926     
   2.2558164840571711     
   1.8297816761123191     
   1.4395411394198405     
   1.0824213490470171     
  0.75526288348400605     
  0.45713026156887793     
  0.18423125229874454     
  -2.9999998882412920E-002
  -2.9999999329447746E-002
 FORV                     
   4.0799998174008234     
   4.0799999845027912     
   4.0799999237060547     
   4.0799999807029952     
   4.0799999237060547     
   4.0799998021125816     
   4.0799999845027912     
   4.0799998021125816     
   4.0799998325109499     
   4.0800000452995278     
   4.0800000452995278     
   4.0800000149011595     
   4.0799998021125816     
   4.0799999845027912     
   4.0799998021125816     
   4.0799998021125816     
   4.0799999541044230     
   4.0799998021125816     
   4.0800000452995278     
   4.0799998021125816     
   4.0800000452995278     
   4.0799999693036071     
   4.0799999237060547     
   4.0799999845027912     
   4.0799999237060547     
   4.0800000452995278     
   4.0799999693036071     
   4.0799999237060547     
   4.0799999845027912     
   4.0800000452995278     
   4.0800000452995278     
   4.0799999845027912     
   4.0799999237060547     
   4.0799998629093182     
   4.0799999845027912     
   4.0799999237060547     
   4.0799998325109499     
   4.0800000452995278     
   4.0799999237060547     
   4.0800000452995278     
   4.0799999237060547     
   4.0799999237060547     
   4.0799999237060547     
   4.0799999237060547     
   4.0799999845027912     
   4.0799998629093182     
   4.0799998021125816     
   4.0799999845027912     
   4.0799999845027912     
   4.0799998021125816     
   4.0800000452995278     
   4.0800000452995278     
   4.0800000452995278     
   4.0799999237060547     
   4.0799998629093182     
   4.0799999237060547     
   4.0799998021125816     
   4.0799998325109499     
   4.0800000452995278     
   4.0799998021125816     
   4.0799999845027912     
   4.0799998629093182     
   4.0799999237060547     
   4.0800000452995278     
   4.0799999845027912     
   4.0799998933076864     
   4.0799999237060547     
   4.0574294191394955     
   3.9595960415049660     
   3.6898314852824594     
   3.4270787959928266     
   3.1866888614446154     
   2.9693986153169907     
   2.7759471956125643     
   2.6161889638370042     
   2.4731175737087767     
   2.3424608017805899     
   2.2136837502378555     
   2.0605169162786012     
   1.8924897272795320     
   1.7157141341168032     
   1.5287006840746353     
   1.3131549222391603     
   1.0710397163209269     
  0.84436320075538340     
  0.63347361599024765     
  0.41990905324764394     
  0.17261095319042224     
  -5.5134912481819690E-002
 -0.27186490986706602     
 -0.47359283119662998     
 -0.66361720197780016     
 -0.84928386736173778     
  -1.0292097280029584     
  -1.1872403179839994     
  -1.3565540245539367     
  -1.5407562578268212     
  -1.7535936781565551     
  -1.9327277933628577     
  -2.0816358312747241     
  -2.1963839187139480     
  -2.3034080018390952     
  -2.4082169240100058     
  -2.5150380673037631     
  -2.6479269342853295     
  -2.8125427409599979     
  -2.9940089165110955     
  -3.1864614673935150     
  -3.3907692862807082     
  -3.6315166125319402     
  -3.9061562452724350     
  -4.2070229229029934     
  -4.5225733879184702     
  -4.8452261307759557     
  -5.1660050125605181     
  -5.4564273536399810     
  -5.7167641617361076     
  -5.9394756885226343     
  -6.1422010679596619     
  -6.3224116582404264     
  -6.4324962944731254     
  -6.4889088807011035     
  -6.4992593518610704     
  -6.4999998304992914     
  -6.5000000000000000     
  -6.5000001937150955     
  -6.4999998062849045     
  -6.4999998062849045     
  -6.4999999031424522     
  -6.5000000000000000     
  -6.5000001695007086     
  -6.5000000000000000     
  -6.5000001937150955     
  -6.4999998062849045     
  -6.5000001937150955     
  -6.4999999031424522     
  -6.5000000000000000     
 FORT01                   
   0.0000000000000000     
   0.0000000000000000     
   0.0000000000000000     
   0.0000000000000000     
   0.0000000000000000     
   0.0000000000000000     
   0.0000000000000000     
   0.0000000000000000     
   0.0000000000000000     
   0.0000000000000000     
   0.0000000000000000     
   0.0000000000000000     
   0.0000000000000000     
   0.0000000000000000     
   0.0000000000000000     
   0.0000000000000000     
   0.0000000000000000     
   0.0000000000000000     
   0.0000000000000000     
   0.0000000000000000     
   0.0000000000000000     
   0.0000000000000000     
   0.0000000000000000     
   0.0000000000000000     
   0.0000000000000000     
   0.0000000000000000     
   0.0000000000000000     
   0.0000000000000000     
   0.0000000000000000     
   0.0000000000000000     
   0.0000000000000000     
   0.0000000000000000     
   0.0000000000000000     
   0.0000000000000000     
   0.0000000000000000     
   0.0000000000000000     
  -5.3751704899212508E-009
  -4.0579448211842801E-008
  -2.0438377385482058E-007
  -4.8279457926644150E-007
  -7.7688787448757586E-007
  -1.0856591682340553E-006
  -1.4089405832502268E-006
  -1.7486699607250646E-006
  -2.1047499578468231E-006
  -2.4777159496233749E-006
  -2.8661161765822053E-006
  -3.2990778179003475E-006
  -3.8997282647694271E-006
  -4.6784576434931137E-006
  -5.3915994797557835E-006
  -4.8639408398948265E-006
  -4.3964954329877562E-006
  -4.0168501205709679E-006
  -3.9477609265677624E-006
  -4.0862169454324720E-006
  -4.3652173828839948E-006
  -4.7695487596694137E-006
  -4.3980217921964188E-006
  -3.8384591050274252E-006
  -3.0755113432605132E-006
  -1.8735584151048574E-006
  -5.9708341507886972E-007
   2.8037330826350491E-007
   8.3927744600547213E-007
   1.4191544240219722E-006
   1.9721949425778891E-006
   2.5406382687663778E-006
   3.1184793579725660E-006
   3.6868802920621420E-006
   4.1719972782553361E-006
   4.4834311257996697E-006
   4.9457373108408546E-006
   6.4677561368561625E-006
   9.3931725106675582E-006
   1.1983571153750296E-005
   1.3839664782156326E-005
   1.5119077214265718E-005
   1.5070172488905215E-005
   1.3973220197718766E-005
   1.1785991448450410E-005
   8.1073906251730317E-006
   1.7032305104764094E-006
  -7.2802246268759832E-006
  -1.5714599760496738E-005
  -2.3433172625939806E-005
  -3.0381989981494953E-005
  -3.5796420924592755E-005
  -4.1838917290405730E-005
  -4.8279316041265779E-005
  -5.5078077979164890E-005
  -6.1307012243362385E-005
  -6.6219577075553966E-005
  -6.9182339384879781E-005
  -6.9680764463375981E-005
  -6.9206915915938621E-005
  -6.7789283107110628E-005
  -6.5308323968689148E-005
  -6.1592104084094820E-005
  -5.6946947966923702E-005
  -5.1588088195252406E-005
  -5.2174580086124635E-005
  -5.5467970579730968E-005
  -6.0668467406039053E-005
  -6.6455154163714658E-005
  -7.1537019356070555E-005
  -7.5917989344642342E-005
  -7.9471769595874779E-005
  -7.5292601260536175E-005
  -7.0416187333944159E-005
  -6.5359115235512493E-005
  -5.8126177595227294E-005
  -5.2054202319461694E-005
  -4.7008666145786828E-005
  -4.4408328554816179E-005
  -4.2891740764523269E-005
  -4.2453889920500919E-005
  -4.3464916699267712E-005
  -4.4102471088965707E-005
  -4.3129503281054459E-005
  -4.2777500649398377E-005
  -4.2890939537348221E-005
  -4.2995369736265900E-005
  -4.3018956967703852E-005
  -4.1887551976625432E-005
  -4.0448567355545360E-005
  -3.8084312336780107E-005
  -3.5401553543662197E-005
  -3.2389698457636201E-005
  -2.9913004663970066E-005
  -2.7758210933177040E-005
  -2.7640286352486644E-005
  -2.9686171701174885E-005
  -3.9517453839891322E-005
  -4.9325551893350267E-005
  -5.7533280648726500E-005
  -5.7533281506039202E-005
 FORT02                   
   0.0000000000000000     
   0.0000000000000000     
   0.0000000000000000     
   0.0000000000000000     
   0.0000000000000000     
   0.0000000000000000     
   0.0000000000000000     
   0.0000000000000000     
   0.0000000000000000     
   0.0000000000000000     
   0.0000000000000000     
   0.0000000000000000     
   0.0000000000000000     
   0.0000000000000000     
   0.0000000000000000     
   0.0000000000000000     
   0.0000000000000000     
   0.0000000000000000     
   0.0000000000000000     
   0.0000000000000000     
   0.0000000000000000     
   0.0000000000000000     
   0.0000000000000000     
   0.0000000000000000     
   0.0000000000000000     
   0.0000000000000000     
   0.0000000000000000     
   0.0000000000000000     
   0.0000000000000000     
   0.0000000000000000     
   0.0000000000000000     
   0.0000000000000000     
   0.0000000000000000     
   0.0000000000000000     
   0.0000000000000000     
   0.0000000000000000     
   3.1752068635257142E-010
   2.3970987101139786E-009
   1.2073305981011139E-008
   2.8519518007770282E-008
   4.5892121544359660E-008
   6.4131779147226529E-008
   8.3228573367410384E-008
   1.0329697913703435E-007
   1.2433124396465042E-007
   1.4636299074050584E-007
   1.6930647075960282E-007
  -7.4321330959061896E-008
  -1.7246716679710545E-006
  -4.8725366483334950E-006
  -8.6058453675894508E-006
  -1.0054734237217991E-005
  -1.1269058626882080E-005
  -1.2272709889238126E-005
  -1.2841306916587381E-005
  -1.2842612804861431E-005
  -1.2465925773546063E-005
  -1.1755250991379249E-005
  -1.1282791381670527E-005
  -1.0847377028903540E-005
  -1.0354874688860678E-005
  -9.5989705334427548E-006
  -8.7935300402807587E-006
  -7.6948270781902078E-006
  -6.3456434544650111E-006
  -4.9260632883306173E-006
  -3.1705358161625828E-006
  -1.2010430936247499E-006
   1.2348263694813941E-006
   4.6361140226144849E-006
   7.8506717765261178E-006
   1.0601631949116194E-005
   1.3067218865548313E-005
   1.5767546530125260E-005
   1.8756716365997915E-005
   2.0274421058921158E-005
   1.9921882862827497E-005
   1.8326948487919242E-005
   1.5394920619599822E-005
   1.1067334055839781E-005
   4.9220140698784932E-006
  -3.6826195247562804E-006
  -1.8520918144819564E-005
  -3.9427597118560354E-005
  -5.9917270898277540E-005
  -7.9571254234734462E-005
  -9.6904998786652755E-005
  -1.0725020352319236E-004
  -1.1868207074331545E-004
  -1.3077123976701962E-004
  -1.4339987528473152E-004
  -1.5441143514266769E-004
  -1.6278490873049539E-004
  -1.6737597712602440E-004
  -1.6701057220139433E-004
  -1.6401029825686454E-004
  -1.5825127717877720E-004
  -1.4824836184366020E-004
  -1.3484291652745900E-004
  -1.1918448322886365E-004
  -1.0248789436755100E-004
  -9.7859924126575447E-005
  -1.0007978626328027E-004
  -1.0797572300111748E-004
  -1.2011880930995402E-004
  -1.3281296284325950E-004
  -1.4528105456746701E-004
  -1.5699511174648354E-004
  -1.5802652595037128E-004
  -1.5463222763899840E-004
  -1.4772588827384535E-004
  -1.3890429372543983E-004
  -1.3007323767624769E-004
  -1.2139353470504372E-004
  -1.1412025695482406E-004
  -1.0783207554068263E-004
  -1.0252183602810997E-004
  -9.7158662723976358E-005
  -9.1954657660422425E-005
  -8.6677764605618901E-005
  -8.1816357863115623E-005
  -7.7339339194988340E-005
  -7.3182091911490332E-005
  -6.9298803945224086E-005
  -6.5243482279704872E-005
  -6.1272968774883142E-005
  -5.7022706885543912E-005
  -5.3040363390437499E-005
  -4.9304283378777760E-005
  -4.6397743500347765E-005
  -4.3945604817772471E-005
  -4.3109988543615831E-005
  -4.2594798125738316E-005
  -4.2756363259412698E-005
  -4.2968330042272049E-005
  -4.3174975228449689E-005
  -4.3174975871806964E-005
 FORT03                   
   0.0000000000000000     
   0.0000000000000000     
   0.0000000000000000     
   0.0000000000000000     
   0.0000000000000000     
   0.0000000000000000     
   0.0000000000000000     
   0.0000000000000000     
   0.0000000000000000     
   0.0000000000000000     
   0.0000000000000000     
   0.0000000000000000     
   0.0000000000000000     
   0.0000000000000000     
   0.0000000000000000     
   0.0000000000000000     
   0.0000000000000000     
   0.0000000000000000     
   0.0000000000000000     
   0.0000000000000000     
   0.0000000000000000     
   0.0000000000000000     
   0.0000000000000000     
   0.0000000000000000     
   0.0000000000000000     
   0.0000000000000000     
   0.0000000000000000     
   0.0000000000000000     
   0.0000000000000000     
   0.0000000000000000     
   0.0000000000000000     
   0.0000000000000000     
   0.0000000000000000     
   0.0000000000000000     
   0.0000000000000000     
   0.0000000000000000     
  -2.2333367027544559E-008
  -1.6860408658472141E-007
  -8.4919684808234585E-007
  -2.0059695899100116E-006
  -3.2279016152386470E-006
  -4.5108193938125354E-006
  -5.8540253779886800E-006
  -7.2655712927645116E-006
  -8.7450527154162591E-006
  -1.0294694258969223E-005
  -1.1908463723537144E-005
  -1.3665659862958246E-005
  -1.5900034296794036E-005
  -1.8640591269632265E-005
  -2.0916654090982875E-005
  -1.7692860281627381E-005
  -1.4707912016170409E-005
  -1.2081598048718344E-005
  -1.0803566230419497E-005
  -1.0217228109486026E-005
  -1.0082280163609451E-005
  -1.0341342735876621E-005
  -1.0259099364769435E-005
  -1.0097000281807111E-005
  -9.4320002015832371E-006
  -6.9518682041607674E-006
  -4.2540930014253986E-006
  -8.4762109954366358E-007
   3.1255409715751003E-006
   7.1817878412959430E-006
   9.7092255181872118E-006
   1.2410095059382971E-005
   1.5877802578670051E-005
   2.0962266517185220E-005
   2.4820227146163040E-005
   2.6235012433660217E-005
   2.6005437678332873E-005
   2.6479525917533008E-005
   2.7890491024768296E-005
   2.9704373115928425E-005
   3.1622734968183457E-005
   3.2072847059408036E-005
   2.1569653075548376E-005
   3.3109434632390866E-006
  -2.1877051508218369E-005
  -5.6420923192566832E-005
  -9.4985210407853588E-005
  -1.3570710512096705E-004
  -1.6541574872095299E-004
  -1.8451294165258356E-004
  -1.9818104225461318E-004
  -2.1212300926429575E-004
  -2.3463110663807327E-004
  -2.6202953520547672E-004
  -2.9416384894489144E-004
  -3.2058389934029076E-004
  -3.3861143125019869E-004
  -3.4482021652129657E-004
  -3.3912583089220402E-004
  -3.2889480728433805E-004
  -3.1441259558059181E-004
  -2.9634176146637464E-004
  -2.7474387142221394E-004
  -2.4950372901993284E-004
  -2.1921120474838966E-004
  -2.0415810298783383E-004
  -1.9916663923333659E-004
  -2.0318026889516293E-004
  -2.1530263106324149E-004
  -2.2979244642904600E-004
  -2.4510191132806397E-004
  -2.6040591578226796E-004
  -2.6312087314819908E-004
  -2.5893786064939538E-004
  -2.4892884194843934E-004
  -2.3478263626501225E-004
  -2.1947994283175957E-004
  -2.0353355071484492E-004
  -1.8844658904601866E-004
  -1.7485715924551309E-004
  -1.6275225538128811E-004
  -1.5075181054742884E-004
  -1.3929380750704818E-004
  -1.2815893555187009E-004
  -1.1827697493341075E-004
  -1.0947879113275012E-004
  -1.0273111019381566E-004
  -9.6830533134891384E-005
  -9.2267716432139785E-005
  -8.8083119850685017E-005
  -8.4307084442468254E-005
  -8.0521801138688006E-005
  -7.6708798463950758E-005
  -7.2911346316037635E-005
  -6.9301301013061014E-005
  -6.6079053082064056E-005
  -6.3362489627885078E-005
  -6.1787375139905681E-005
  -6.0437009597134168E-005
  -5.9434375567641088E-005
  -5.9434376453282312E-005
 FORT04                   
   0.0000000000000000     
   0.0000000000000000     
   0.0000000000000000     
   0.0000000000000000     
   0.0000000000000000     
   0.0000000000000000     
   0.0000000000000000     
   0.0000000000000000     
   0.0000000000000000     
   0.0000000000000000     
   0.0000000000000000     
   0.0000000000000000     
   0.0000000000000000     
   0.0000000000000000     
   0.0000000000000000     
   0.0000000000000000     
   0.0000000000000000     
   0.0000000000000000     
   0.0000000000000000     
   0.0000000000000000     
   0.0000000000000000     
   0.0000000000000000     
   0.0000000000000000     
   0.0000000000000000     
   0.0000000000000000     
   0.0000000000000000     
   0.0000000000000000     
   0.0000000000000000     
   0.0000000000000000     
   0.0000000000000000     
   0.0000000000000000     
   0.0000000000000000     
   0.0000000000000000     
   0.0000000000000000     
   0.0000000000000000     
   0.0000000000000000     
  -1.7172037266901265E-008
  -1.2963901298957001E-007
  -6.5294407197471260E-007
  -1.5423820153749717E-006
  -2.4819208507990747E-006
  -3.4683513249902600E-006
  -4.5011370258028305E-006
  -5.5864690306567854E-006
  -6.7240363224208320E-006
  -7.9155492740683349E-006
  -9.1563701628732453E-006
  -1.0632132904951627E-005
  -1.3130801705223534E-005
  -1.6717006047265196E-005
  -1.9899533445035222E-005
  -1.5560195205953202E-005
  -1.1908176780364742E-005
  -9.1361257519241481E-006
  -9.1308208767588083E-006
  -9.2805367233085578E-006
  -9.5359794779009363E-006
  -9.8860807900916914E-006
  -7.4477358792805781E-006
  -4.2946828467510704E-006
   6.3809579814593539E-008
   7.7227631450470218E-006
   1.5902815638732916E-005
   2.4118581753439911E-005
   3.2354696439745997E-005
   4.0741354697472777E-005
   4.5519274472850422E-005
   5.0370797066688795E-005
   5.6018486820081335E-005
   6.3232893016887414E-005
   6.5532428915398080E-005
   5.8500630102278689E-005
   4.3987138873860434E-005
   2.7627884509732450E-005
   8.9520530944927831E-006
  -3.1125861565199891E-006
  -6.8681878406209223E-006
  -7.8646061941851651E-006
  -2.1950400811682365E-005
  -4.7046464276791732E-005
  -8.4247279313604128E-005
  -1.3786569536137355E-004
  -2.0184994275260909E-004
  -2.7334495503227951E-004
  -3.2924877121032203E-004
  -3.6980311500901114E-004
  -4.0095720945223026E-004
  -4.2682079581056465E-004
  -4.6221902749116368E-004
  -5.0320202158829139E-004
  -5.4958421766906581E-004
  -5.8961056114457608E-004
  -6.1593989294155861E-004
  -6.2231340693569455E-004
  -6.0843000361586984E-004
  -5.8752585904787644E-004
  -5.6041440110329507E-004
  -5.3130488940249590E-004
  -5.0101492398397889E-004
  -4.6387649620152627E-004
  -4.0792373903412137E-004
  -3.6898036240052765E-004
  -3.4645577155558056E-004
  -3.4026640519922366E-004
  -3.4989137904291746E-004
  -3.6394539163354944E-004
  -3.8008761917083600E-004
  -3.9721855702227376E-004
  -3.9857129883256234E-004
  -3.9032880196461246E-004
  -3.7386453416433430E-004
  -3.5156447254679462E-004
  -3.2801782126541147E-004
  -3.0389501745376260E-004
  -2.8159680294388267E-004
  -2.6170784730934760E-004
  -2.4420827038899081E-004
  -2.2730696194387875E-004
  -2.1118288839733451E-004
  -1.9537727456107488E-004
  -1.8130187192209489E-004
  -1.6872987818145643E-004
  -1.5893275583650024E-004
  -1.5027585357428586E-004
  -1.4277329112238630E-004
  -1.3530911995630977E-004
  -1.2702428589895110E-004
  -1.1717976497982712E-004
  -1.0573981820810379E-004
  -9.2335103488285462E-005
  -7.8823807508941117E-005
  -6.3807448044984720E-005
  -5.0435986677249711E-005
  -4.0412430378807982E-005
  -3.1456733529875369E-005
  -2.4564205521110171E-005
  -2.4564205887145363E-005
 FORT05                   
   0.0000000000000000     
   0.0000000000000000     
   0.0000000000000000     
   0.0000000000000000     
   0.0000000000000000     
   0.0000000000000000     
   0.0000000000000000     
   0.0000000000000000     
   0.0000000000000000     
   0.0000000000000000     
   0.0000000000000000     
   0.0000000000000000     
   0.0000000000000000     
   0.0000000000000000     
   0.0000000000000000     
   0.0000000000000000     
   0.0000000000000000     
   0.0000000000000000     
   0.0000000000000000     
   0.0000000000000000     
   0.0000000000000000     
   0.0000000000000000     
   0.0000000000000000     
   0.0000000000000000     
   0.0000000000000000     
   0.0000000000000000     
   0.0000000000000000     
   0.0000000000000000     
   0.0000000000000000     
   0.0000000000000000     
   0.0000000000000000     
   0.0000000000000000     
   0.0000000000000000     
   0.0000000000000000     
   0.0000000000000000     
   0.0000000000000000     
   5.3881317014591853E-009
   4.0677297910443534E-008
   2.0487660514867809E-007
   4.8395874259673491E-007
   7.7876121452344707E-007
   1.0882770369527998E-006
   1.4123378924808740E-006
   1.7528865030339512E-006
   2.1098251649948926E-006
   2.4836904420999434E-006
   2.8730272650070426E-006
   2.5093986413499132E-006
  -1.8835223948087381E-006
  -1.0566150022592514E-005
  -2.0565734009624081E-005
  -2.1534118223061143E-005
  -2.2381795584776472E-005
  -2.3266282869853928E-005
  -2.4737768875713413E-005
  -2.2059679373472030E-005
  -1.6573059013848718E-005
  -8.5826649969732930E-006
   1.9220150860138586E-006
   1.3364088999152940E-005
   2.5113762112152251E-005
   3.5835840295323163E-005
   4.6921611019975183E-005
   5.3453792243666901E-005
   5.6356372480541013E-005
   5.9354562672459530E-005
   6.1943518277090583E-005
   6.6324269792318894E-005
   7.6560091404661440E-005
   1.0002790774006195E-004
   1.1250188479882024E-004
   1.0384739319533459E-004
   7.6886734653481789E-005
   4.0599392436002852E-005
  -7.8260250620457031E-006
  -5.2904023265243350E-005
  -9.1184977241235646E-005
  -1.2527752488378664E-004
  -1.5333755904298023E-004
  -1.8257078658875285E-004
  -2.1963084210286781E-004
  -2.6716512591299160E-004
  -3.4145968797444880E-004
  -4.4093797645319778E-004
  -5.2950503599093809E-004
  -6.0577606961131902E-004
  -6.6874152300686052E-004
  -7.0634218915776800E-004
  -7.4578858154820266E-004
  -7.8562776137897430E-004
  -8.2455422228076922E-004
  -8.5109393959759139E-004
  -8.6541247992823721E-004
  -8.6358509900603779E-004
  -8.4097595735977033E-004
  -8.1049198414725673E-004
  -7.7296430737624003E-004
  -7.3372192771433906E-004
  -6.9622597194956247E-004
  -6.4730791356132356E-004
  -5.6066591933350181E-004
  -4.8748315550271003E-004
  -4.3718924626267881E-004
  -4.1184226656719100E-004
  -4.1217442997789787E-004
  -4.1903267186631926E-004
  -4.2873804290340621E-004
  -4.3939808374479422E-004
  -4.3455683857812968E-004
  -4.2091325267765243E-004
  -3.9985592236593814E-004
  -3.7399744895638947E-004
  -3.4757512743551801E-004
  -3.2112490870435557E-004
  -2.9672490542387037E-004
  -2.7470781380945983E-004
  -2.5505273094255689E-004
  -2.3621439566004834E-004
  -2.1814123103136834E-004
  -2.0005244977600077E-004
  -1.8267032586340723E-004
  -1.6608571772924133E-004
  -1.4855497227681718E-004
  -1.3167856803051844E-004
  -1.1325765100137029E-004
  -9.4892868829070170E-005
  -7.4415633695944661E-005
  -5.4167104476821764E-005
  -3.4046261340795934E-005
  -1.4407890052573499E-005
   4.1084110114569605E-006
   2.2432465623161817E-005
   3.8749334556778797E-005
   5.1439816993842174E-005
   6.2834980763736611E-005
   7.1641435011976420E-005
   7.1641436079517007E-005
 FORT06                   
   0.0000000000000000     
   0.0000000000000000     
   0.0000000000000000     
   0.0000000000000000     
   0.0000000000000000     
   0.0000000000000000     
   0.0000000000000000     
   0.0000000000000000     
   0.0000000000000000     
   0.0000000000000000     
   0.0000000000000000     
   0.0000000000000000     
   0.0000000000000000     
   0.0000000000000000     
   0.0000000000000000     
   0.0000000000000000     
   0.0000000000000000     
   0.0000000000000000     
   0.0000000000000000     
   0.0000000000000000     
   0.0000000000000000     
   0.0000000000000000     
   0.0000000000000000     
   0.0000000000000000     
   0.0000000000000000     
   0.0000000000000000     
   0.0000000000000000     
   0.0000000000000000     
   0.0000000000000000     
   0.0000000000000000     
   0.0000000000000000     
   0.0000000000000000     
   0.0000000000000000     
   0.0000000000000000     
   0.0000000000000000     
   0.0000000000000000     
   4.1546610372617876E-008
   3.1365303243022491E-007
   1.5797550909861124E-006
   3.7316915069129860E-006
   6.0048436956943547E-006
   8.3914471642396724E-006
   1.0890204143991370E-005
   1.3516093135609343E-005
   1.6268361947110847E-005
   1.9151148959796856E-005
   2.2153233660083377E-005
   2.3794250743935512E-005
   1.7756558472514664E-005
   3.5413814463769520E-006
  -1.4093663366484589E-005
  -2.1005192933415005E-005
  -2.5966422516462669E-005
  -2.9021726718704045E-005
  -2.7848507267130721E-005
  -1.4143170705036142E-005
   8.1353758634299957E-006
   3.8102535959946883E-005
   5.9407097323626624E-005
   7.9509927782496622E-005
   9.6124779398589454E-005
   1.0013712329809681E-004
   1.0354124402396549E-004
   1.0274968729402948E-004
   9.8618647384144851E-005
   9.4277772871701024E-005
   8.9023980504340187E-005
   8.5770727306779242E-005
   8.9902861800555608E-005
   1.1120513441985677E-004
   1.1941111632590706E-004
   1.0268010018763614E-004
   6.2406556906932908E-005
   3.8213201081286870E-006
  -7.8713436903560127E-005
  -1.5901934069049908E-004
  -2.3088904319284054E-004
  -2.9438687705245843E-004
  -3.2583934192340416E-004
  -3.4810313415725236E-004
  -3.7919629516586098E-004
  -4.2222166505355777E-004
  -4.9461151520278218E-004
  -5.9464607274904908E-004
  -6.8323835511619954E-004
  -7.5878621786715228E-004
  -8.2013898701637639E-004
  -8.5442752402034930E-004
  -8.8663791071254619E-004
  -9.1593534234681896E-004
  -9.3988305445316190E-004
  -9.4351660910117069E-004
  -9.3424005065342007E-004
  -9.0982999875278883E-004
  -8.7160374734156741E-004
  -8.3143077217208081E-004
  -7.9091020124074166E-004
  -7.5962060535658335E-004
  -7.3198405120724654E-004
  -6.9009758804303156E-004
  -5.9863747208744635E-004
  -5.1355001279659862E-004
  -4.5161223587296059E-004
  -4.1656726364107388E-004
  -4.1109061853964249E-004
  -4.1359607868049486E-004
  -4.1930432170349296E-004
  -4.2561967029864766E-004
  -4.1777584524929547E-004
  -4.0239164227382461E-004
  -3.8078993661474516E-004
  -3.5620992964487466E-004
  -3.3194469506505828E-004
  -3.0822873743054785E-004
  -2.8532150372518553E-004
  -2.6244155428680263E-004
  -2.3957667988382201E-004
  -2.1326358181195104E-004
  -1.8752730173066936E-004
  -1.6205912876536034E-004
  -1.3765546588058409E-004
  -1.1442509582427736E-004
  -8.6595816476881622E-005
  -5.8851588262989769E-005
  -2.3187476718027467E-005
   6.9163580855932067E-006
   2.7166368230934948E-005
   3.9902824802577445E-005
   4.5248278307894645E-005
   4.6210758676863174E-005
   4.5460320509586524E-005
   4.5966928219405567E-005
   4.5795060741846074E-005
   4.2855872262541122E-005
   3.9882929894443980E-005
   3.7371616952171661E-005
   3.7371617509052157E-005
 FORT07                   
   0.0000000000000000     
   0.0000000000000000     
   0.0000000000000000     
   0.0000000000000000     
   0.0000000000000000     
   0.0000000000000000     
   0.0000000000000000     
   0.0000000000000000     
   0.0000000000000000     
   0.0000000000000000     
   0.0000000000000000     
   0.0000000000000000     
   0.0000000000000000     
   0.0000000000000000     
   0.0000000000000000     
   0.0000000000000000     
   0.0000000000000000     
   0.0000000000000000     
   0.0000000000000000     
   0.0000000000000000     
   0.0000000000000000     
   0.0000000000000000     
   0.0000000000000000     
   0.0000000000000000     
   0.0000000000000000     
   0.0000000000000000     
   0.0000000000000000     
   0.0000000000000000     
   0.0000000000000000     
   0.0000000000000000     
   0.0000000000000000     
   0.0000000000000000     
   0.0000000000000000     
   0.0000000000000000     
   0.0000000000000000     
   0.0000000000000000     
   7.9704173278047938E-008
   6.0172070409094617E-007
   3.0306461037944927E-006
   7.1589807669249781E-006
   1.1519859035730119E-005
   1.6098385458307180E-005
   2.0892070421137457E-005
   2.5929649110273834E-005
   3.1209678199883872E-005
   3.6740096384294050E-005
   4.2499377976287626E-005
   4.6440652645891726E-005
   3.9824419746312459E-005
   2.1963104977471411E-005
  -1.2221181648369913E-006
  -1.4102146158308983E-005
  -2.3545800541325537E-005
  -2.9472749294274635E-005
  -2.7015760431553688E-005
  -5.4243674428577915E-006
   2.9267657654919810E-005
   7.5713928931869087E-005
   1.0293722716845830E-004
   1.2678651256696743E-004
   1.4424738914043506E-004
   1.4134150257579447E-004
   1.3710045394716135E-004
   1.3324093907102772E-004
   1.2971025182489048E-004
   1.2581890125940682E-004
   1.1747175441180783E-004
   1.0974318560320710E-004
   1.0602525996634884E-004
   1.1195739358142872E-004
   1.0594640837893743E-004
   7.7664896526918425E-005
   2.6248119586182086E-005
  -4.9482493270962730E-005
  -1.5703190453393774E-004
  -2.5621536659140628E-004
  -3.3756051896907321E-004
  -4.0330582231737182E-004
  -4.2235634397636175E-004
  -4.2851855839472078E-004
  -4.4893356992911518E-004
  -4.8893351378371738E-004
  -5.5447710474743062E-004
  -6.4315833740969113E-004
  -7.2135792333362890E-004
  -7.8779668604786468E-004
  -8.4136763597460456E-004
  -8.7033325187758914E-004
  -8.9446668280846950E-004
  -9.1399258811065281E-004
  -9.2640511089145134E-004
  -9.1939852527730612E-004
  -8.9767066498981293E-004
  -8.5791308753345886E-004
  -8.1013608058688041E-004
  -7.6610757534278234E-004
  -7.2817200949648608E-004
  -7.0942145801256018E-004
  -6.9441277605459921E-004
  -6.6414232624593950E-004
  -5.8107742384022783E-004
  -5.0235470085591670E-004
  -4.4592539487214432E-004
  -4.1581089468690179E-004
  -4.1522737963800268E-004
  -4.2276533785191861E-004
  -4.3330617527530951E-004
  -4.4399938409585239E-004
  -4.3918922206506381E-004
  -4.2595814430474669E-004
  -4.0576103162963146E-004
  -3.8264568402950148E-004
  -3.6033732269700504E-004
  -3.3889465592742800E-004
  -3.1761294339526132E-004
  -2.9442132650492336E-004
  -2.6931495314530627E-004
  -2.3644952678509093E-004
  -2.0391976938839555E-004
  -1.7189768951190532E-004
  -1.4206716629622078E-004
  -1.1433022879045918E-004
  -8.0941312693771548E-005
  -4.7393202351255216E-005
  -6.5049446939472594E-007
   3.5346304296309515E-005
   4.9582684333756059E-005
   5.1513262011174793E-005
   4.1246028580581198E-005
   2.6058642039735857E-005
   9.7258895614300167E-006
  -1.0336857403668901E-006
  -1.1627145212025024E-005
  -2.5196671687693076E-005
  -3.8015296400873322E-005
  -4.8327953853181309E-005
  -4.8327954573323950E-005
 FORT08                   
   0.0000000000000000     
   0.0000000000000000     
   0.0000000000000000     
   0.0000000000000000     
   0.0000000000000000     
   0.0000000000000000     
   0.0000000000000000     
   0.0000000000000000     
   0.0000000000000000     
   0.0000000000000000     
   0.0000000000000000     
   0.0000000000000000     
   0.0000000000000000     
   0.0000000000000000     
   0.0000000000000000     
   0.0000000000000000     
   0.0000000000000000     
   0.0000000000000000     
   0.0000000000000000     
   0.0000000000000000     
   0.0000000000000000     
   0.0000000000000000     
   0.0000000000000000     
   0.0000000000000000     
   0.0000000000000000     
   0.0000000000000000     
   0.0000000000000000     
   0.0000000000000000     
   0.0000000000000000     
   0.0000000000000000     
   0.0000000000000000     
   0.0000000000000000     
   0.0000000000000000     
   0.0000000000000000     
   0.0000000000000000     
   0.0000000000000000     
   7.9704173278047938E-008
   6.0172070409094617E-007
   3.0306461037944927E-006
   7.1589807669249781E-006
   1.1519859035730119E-005
   1.6098385458307180E-005
   2.0892070421137457E-005
   2.5929649110273834E-005
   3.1209678199883872E-005
   3.6740096384294050E-005
   4.2499377976287626E-005
   4.6440652645891726E-005
   3.9824419746312459E-005
   2.1963104977471411E-005
  -1.2221181648369913E-006
  -1.4102146158308983E-005
  -2.3545800541325537E-005
  -2.9472749294274635E-005
  -2.7015760431553688E-005
  -5.4243674428577915E-006
   2.9267657654919810E-005
   7.5713928931869087E-005
   1.0293722716845830E-004
   1.2678651256696743E-004
   1.4424738914043506E-004
   1.4134150257579447E-004
   1.3710045394716135E-004
   1.3324093907102772E-004
   1.2971025182489048E-004
   1.2581890125940682E-004
   1.1747175441180783E-004
   1.0974318560320710E-004
   1.0602525996634884E-004
   1.1195739358142872E-004
   1.0594640837893743E-004
   7.7664896526918425E-005
   2.6248119586182086E-005
  -4.9482493270962730E-005
  -1.5703190453393774E-004
  -2.5621536659140628E-004
  -3.3756051896907321E-004
  -4.0330582231737182E-004
  -4.2235634397636175E-004
  -4.2851855839472078E-004
  -4.4893356992911518E-004
  -4.8893351378371738E-004
  -5.5447710474743062E-004
  -6.4315833740969113E-004
  -7.2135792333362890E-004
  -7.8779668604786468E-004
  -8.4136763597460456E-004
  -8.7033325187758914E-004
  -8.9446668280846950E-004
  -9.1399258811065281E-004
  -9.2640511089145134E-004
  -9.1939852527730612E-004
  -8.9767066498981293E-004
  -8.5791308753345886E-004
  -8.1013608058688041E-004
  -7.6610757534278234E-004
  -7.2817200949648608E-004
  -7.0942145801256018E-004
  -6.9441277605459921E-004
  -6.6414232624593950E-004
  -5.8107742384022783E-004
  -5.0235470085591670E-004
  -4.4592539487214432E-004
  -4.1581089468690179E-004
  -4.1522737963800268E-004
  -4.2276533785191861E-004
  -4.3330617527530951E-004
  -4.4399938409585239E-004
  -4.3918922206506381E-004
  -4.2595814430474669E-004
  -4.0576103162963146E-004
  -3.8264568402950148E-004
  -3.6033732269700504E-004
  -3.3889465592742800E-004
  -3.1761294339526132E-004
  -2.9442132650492336E-004
  -2.6931495314530627E-004
  -2.3644952678509093E-004
  -2.0391976938839555E-004
  -1.7189768951190532E-004
  -1.4206716629622078E-004
  -1.1433022879045918E-004
  -8.0941312693771548E-005
  -4.7393202351255216E-005
  -6.5049446939472594E-007
   3.5346304296309515E-005
   4.9582684333756059E-005
   5.1513262011174793E-005
   4.1246028580581198E-005
   2.6058642039735857E-005
   9.7258895614300167E-006
  -1.0336857403668901E-006
  -1.1627145212025024E-005
  -2.5196671687693076E-005
  -3.8015296400873322E-005
  -4.8327953853181309E-005
  -4.8327954573323950E-005
 FORQ01                   
   0.0000000000000000     
   0.0000000000000000     
   0.0000000000000000     
   0.0000000000000000     
   0.0000000000000000     
   0.0000000000000000     
   0.0000000000000000     
   0.0000000000000000     
   0.0000000000000000     
   0.0000000000000000     
   0.0000000000000000     
   0.0000000000000000     
   0.0000000000000000     
   0.0000000000000000     
   0.0000000000000000     
   0.0000000000000000     
   0.0000000000000000     
   0.0000000000000000     
   0.0000000000000000     
   0.0000000000000000     
   0.0000000000000000     
   0.0000000000000000     
   0.0000000000000000     
   0.0000000000000000     
   0.0000000000000000     
   0.0000000000000000     
   0.0000000000000000     
   0.0000000000000000     
   0.0000000000000000     
   0.0000000000000000     
   0.0000000000000000     
   0.0000000000000000     
   0.0000000000000000     
   0.0000000000000000     
   0.0000000000000000     
   0.0000000000000000     
  -9.4287244587209034E-019
  -7.1181451191886925E-018
  -3.5851480505478413E-017
  -8.4688231093839856E-017
  -1.3627589067442861E-016
  -1.9043825088580670E-016
  -2.4714585999189844E-016
  -3.0673865069349647E-016
  -3.6919954657489596E-016
  -4.3462246022057764E-016
  -5.0275275568036732E-016
  -5.8107985138542000E-016
  -7.0134675617669494E-016
  -8.6618425524888584E-016
  -1.0415832373108805E-015
  -1.0964391473503474E-015
  -1.1065387085019921E-015
  -1.0705509918232964E-015
  -9.2952242974954112E-016
  -6.8910438062731017E-016
  -3.7855587685789378E-016
  -4.0531263238702821E-018
   4.8711527516156954E-016
   1.0219116645870003E-015
   1.5588814600203159E-015
   2.0005412520270252E-015
   2.4378589196449628E-015
   1.2038074676120184E-016
  -5.5840296635485837E-015
  -1.4994833462656617E-014
  -9.4924249096915260E-014
  -2.1909128980285423E-014
   5.8729349486334049E-013
   2.4261700694314496E-012
   1.6206180407087355E-011
   5.1981999392250528E-011
   1.2031784083611514E-010
   2.4928225515172923E-010
   4.5814772317529852E-010
   7.5297026261793364E-010
   1.1356700998842213E-009
   1.5802545623696200E-009
   2.0802228949582707E-009
   2.7059150026729421E-009
   3.5526041889883616E-009
   4.6972114148179780E-009
   6.0117587230808822E-009
   7.4759204744995037E-009
   8.9887867340793633E-009
   1.0545295040275812E-008
   1.2186420461335438E-008
   1.4006341968368001E-008
   1.5602185977102843E-008
   1.7054414481618521E-008
   1.8314898751601321E-008
   1.9366260903639292E-008
   2.0041278141402400E-008
   2.0176515905085909E-008
   1.9932870683585104E-008
   1.9809948681743031E-008
   1.9891040116836670E-008
   2.0684996834363520E-008
   2.1724058537081002E-008
   2.3132766823420102E-008
   2.5246545776440750E-008
   2.6900324770879835E-008
   2.8387057555433831E-008
   2.9770602628351375E-008
   3.1149817518267017E-008
   3.2166355656891324E-008
   3.2494957548452487E-008
   3.1765961464833006E-008
   3.0901129156915988E-008
   3.0755979175466016E-008
   3.1299994661667675E-008
   3.1701140353881953E-008
   3.1077336517267095E-008
   2.9663183541697655E-008
   2.7262159128708235E-008
   2.5234399451103851E-008
   2.3577382036924214E-008
   2.2951936794758056E-008
   2.2610709924104786E-008
   2.2671110623677698E-008
   2.2520133759491217E-008
   2.2214990655969453E-008
   2.1608140719125542E-008
   2.0970191787414010E-008
   2.0260785391661033E-008
   1.9490949921123527E-008
   1.8479670417043459E-008
   1.7195707752888001E-008
   1.5634955226420552E-008
   1.3474690070302934E-008
   1.1189665904555258E-008
   7.8343872144461537E-009
   4.0204161717357771E-009
  -2.0380204222379315E-009
  -7.8459271844602735E-009
  -1.2569999964560445E-008
  -1.2570000151868044E-008
 FORQ02                   
   0.0000000000000000     
   0.0000000000000000     
   0.0000000000000000     
   0.0000000000000000     
   0.0000000000000000     
   0.0000000000000000     
   0.0000000000000000     
   0.0000000000000000     
   0.0000000000000000     
   0.0000000000000000     
   0.0000000000000000     
   0.0000000000000000     
   0.0000000000000000     
   0.0000000000000000     
   0.0000000000000000     
   0.0000000000000000     
   0.0000000000000000     
   0.0000000000000000     
   0.0000000000000000     
   0.0000000000000000     
   0.0000000000000000     
   0.0000000000000000     
   0.0000000000000000     
   0.0000000000000000     
   0.0000000000000000     
   0.0000000000000000     
   0.0000000000000000     
   0.0000000000000000     
   0.0000000000000000     
   0.0000000000000000     
   0.0000000000000000     
   0.0000000000000000     
   0.0000000000000000     
   0.0000000000000000     
   0.0000000000000000     
   0.0000000000000000     
   7.3091484276918162E-018
   5.5179870229295305E-017
   2.7792072924070901E-016
   6.5650329413078939E-016
   1.0564109387921498E-015
   1.4762776636095640E-015
   1.9158751528405485E-015
   2.3778385845468233E-015
   2.8620355637216811E-015
   3.3691940718525395E-015
   3.8973401802050757E-015
   4.3670204239179704E-015
   4.4381925469032318E-015
   4.0845599949785211E-015
   3.3434084481941821E-015
   1.6711533366443164E-015
   1.1484414859583010E-016
  -1.2995283193902811E-015
  -2.2359984318624907E-015
  -2.5508945142746328E-015
  -2.4567174730247285E-015
  -2.0036800505566591E-015
  -2.2395947815856220E-015
  -2.6391668035486944E-015
   6.6629299011892106E-016
   1.8726938334859494E-014
   3.9598664781581111E-014
   2.4582224650858407E-013
   5.8751951868616111E-013
   8.9339644458577430E-013
   1.9684310301384384E-013
  -8.8334499800424563E-013
  -2.9096809148689070E-012
  -7.0538926121982102E-012
  -5.5132510550608234E-011
  -1.8423062314015107E-010
  -3.1867792176613795E-010
  -2.4440793082851637E-010
   1.0837246686642245E-010
   1.0481775475306393E-009
   2.6384375441099280E-009
   4.6009900198614662E-009
   6.4770121429819702E-009
   8.6083112396304349E-009
   1.1361892709094229E-008
   1.4950337295311383E-008
   1.8999342302463600E-008
   2.3422588732248110E-008
   2.7678934903631945E-008
   3.1769448612281560E-008
   3.5810999545802275E-008
   3.9895638627074464E-008
   4.3352083436265603E-008
   4.6386467670406278E-008
   4.8859233595488090E-008
   5.0637710090733733E-008
   5.1286028919380224E-008
   5.0341848460225710E-008
   4.7967825253266210E-008
   4.5520981161119654E-008
   4.3201672246471546E-008
   4.2369354063819711E-008
   4.2663412493324775E-008
   4.4340606400721824E-008
   4.8296393455822066E-008
   5.1937907740567105E-008
   5.5584113694754757E-008
   5.9264438098420750E-008
   6.2854810837521709E-008
   6.5494005257516448E-008
   6.6762164610986688E-008
   6.6083223970142739E-008
   6.5895018167497597E-008
   6.7334201812740237E-008
   7.0134510997220182E-008
   6.9754152753801380E-008
   6.6574077881227891E-008
   6.1303856192281731E-008
   5.4658256797792448E-008
   4.9368282220621841E-008
   4.5425869796860804E-008
   4.3814059307876756E-008
   4.2807628900811091E-008
   4.2573731868554914E-008
   4.2384102389558013E-008
   4.2230248172238937E-008
   4.1966239458226415E-008
   4.1690177641535149E-008
   4.1341362422359892E-008
   4.0888650686761414E-008
   4.0127477019150127E-008
   3.9155755949982597E-008
   3.7970411759026036E-008
   3.6560756833749082E-008
   3.5133164875692334E-008
   3.3493077867045962E-008
   3.1648084090367596E-008
   2.8709511142082706E-008
   2.5892001929926908E-008
   2.3600001601005322E-008
   2.3600001952672756E-008
 FORQ03                   
   0.0000000000000000     
   0.0000000000000000     
   0.0000000000000000     
   0.0000000000000000     
   0.0000000000000000     
   0.0000000000000000     
   0.0000000000000000     
   0.0000000000000000     
   0.0000000000000000     
   0.0000000000000000     
   0.0000000000000000     
   0.0000000000000000     
   0.0000000000000000     
   0.0000000000000000     
   0.0000000000000000     
   0.0000000000000000     
   0.0000000000000000     
   0.0000000000000000     
   0.0000000000000000     
   0.0000000000000000     
   0.0000000000000000     
   0.0000000000000000     
   0.0000000000000000     
   0.0000000000000000     
   0.0000000000000000     
   0.0000000000000000     
   0.0000000000000000     
   0.0000000000000000     
   0.0000000000000000     
   0.0000000000000000     
   0.0000000000000000     
   0.0000000000000000     
   0.0000000000000000     
   0.0000000000000000     
   0.0000000000000000     
   0.0000000000000000     
  -1.6519129725333896E-018
  -1.2470993626170928E-017
  -6.2811814013937671E-017
  -1.4837383018195687E-016
  -2.3875543668172680E-016
  -3.3364792215353484E-016
  -4.3299968909554158E-016
  -5.3740630926425001E-016
  -6.4683784459984525E-016
  -7.6145880244257109E-016
  -8.8082311672729557E-016
  -9.8067911829787655E-016
  -9.5734537347945691E-016
  -8.0274135991675373E-016
  -5.7559665514623739E-016
  -3.9275025216946282E-016
   2.3830135888478310E-016
   1.3542180408406036E-015
   3.6167618677516223E-015
   1.2779826053456285E-014
   2.6689767953767805E-014
   4.4869806943140413E-014
   2.7590816562117937E-014
   1.7075009292819536E-015
  -1.8829549597192642E-013
  -1.0022200439024518E-012
  -1.9220528389804670E-012
  -8.2838244209508373E-012
  -1.9626491145313802E-011
  -3.3031238155725001E-011
  -7.9063469060800401E-011
  -1.3819031247836572E-010
  -2.2806074210698879E-010
  -3.8543521114501900E-010
  -6.3035941076190277E-010
  -1.0315331257637783E-009
  -1.3555176167855551E-009
  -9.4708685371121500E-010
   4.3729393009208979E-010
   3.0628330699721497E-009
   6.9705585566995681E-009
   1.1545358822663594E-008
   1.5409778629533778E-008
   1.9515683497269104E-008
   2.4765107531252475E-008
   3.1546634433435448E-008
   3.9305854352619652E-008
   4.7929582768441391E-008
   5.6695640929581904E-008
   6.5579913059559265E-008
   7.4583389913355185E-008
   8.3581566209260946E-008
   9.0780839764130970E-008
   9.6757838720828658E-008
   1.0114163485241348E-007
   1.0367098667111178E-007
   1.0403734085160958E-007
   1.0148719587635514E-007
   9.5844676651953065E-008
   8.9417967924287011E-008
   8.2497992104068558E-008
   7.7354264780639961E-008
   7.4967822631518413E-008
   7.5565346116976137E-008
   8.0517623586288031E-008
   8.5098839501482850E-008
   9.0046072000112689E-008
   9.5470307593216715E-008
   1.0129802877340369E-007
   1.0589525222368557E-007
   1.0853860890198090E-007
   1.0832456972042181E-007
   1.1030067359435204E-007
   1.1442657318188239E-007
   1.2006057308030697E-007
   1.1783596417870317E-007
   1.1062254131018026E-007
   9.9724952716175634E-008
   8.6944504752277320E-008
   7.6553497964394881E-008
   6.8537158005595041E-008
   6.4237239490061329E-008
   6.1085740275691045E-008
   5.9541756202862359E-008
   5.8640938233876718E-008
   5.8230660046899921E-008
   5.8734107951412413E-008
   5.9454520846169031E-008
   6.1199182359238891E-008
   6.3054481517695765E-008
   6.5406424022596562E-008
   6.7863870560789210E-008
   7.0438010967242614E-008
   7.3124961946160795E-008
   7.5726399970864973E-008
   7.8521550116159348E-008
   8.0479702736085787E-008
   7.9804988642156378E-008
   7.8937702795189839E-008
   7.8099999969171751E-008
   7.8100001132952457E-008
 FORQ04                   
   0.0000000000000000     
   0.0000000000000000     
   0.0000000000000000     
   0.0000000000000000     
   0.0000000000000000     
   0.0000000000000000     
   0.0000000000000000     
   0.0000000000000000     
   0.0000000000000000     
   0.0000000000000000     
   0.0000000000000000     
   0.0000000000000000     
   0.0000000000000000     
   0.0000000000000000     
   0.0000000000000000     
   0.0000000000000000     
   0.0000000000000000     
   0.0000000000000000     
   0.0000000000000000     
   0.0000000000000000     
   0.0000000000000000     
   0.0000000000000000     
   0.0000000000000000     
   0.0000000000000000     
   0.0000000000000000     
   0.0000000000000000     
   0.0000000000000000     
   0.0000000000000000     
   0.0000000000000000     
   0.0000000000000000     
   0.0000000000000000     
   0.0000000000000000     
   0.0000000000000000     
   0.0000000000000000     
   0.0000000000000000     
   0.0000000000000000     
   9.8058804330049236E-020
   7.4028762054852637E-019
   3.7285568483459820E-018
   8.8075829405472882E-018
   1.4172703646216964E-017
   1.9805593509232971E-017
   2.5703189625762632E-017
   3.1900844170791849E-017
   3.8396781866715856E-017
   4.5200770205058707E-017
   5.2286326776406269E-017
  -6.5643987735591426E-017
  -8.4266317732188180E-016
  -2.3213057511716634E-015
  -4.1547127717877690E-015
  -5.4783911987970992E-015
  -3.4259553746755599E-015
   2.2623874962369683E-015
   1.6633093886230719E-014
   6.2519079907551393E-015
  -2.0791145729881241E-014
  -6.2642586254025253E-014
  -1.6895720014955435E-012
  -3.7312682721458900E-012
  -6.9513286198997268E-012
  -1.3943052904963020E-011
  -2.1575297853756540E-011
  -4.8231204628632445E-011
  -9.1804748334757729E-011
  -1.4114772760383353E-010
  -2.7220496665452712E-010
  -4.3476818042083093E-010
  -6.6862567705560365E-010
  -1.0576342111964629E-009
  -1.5164586993435866E-009
  -2.0906924271935592E-009
  -2.3852957387550209E-009
  -1.2996233994532096E-009
   1.6223332939561039E-009
   6.5278518124169667E-009
   1.3420510225259327E-008
   2.1337070302343147E-008
   2.8008891093069702E-008
   3.5188356365254376E-008
   4.4558841299016647E-008
   5.6872356696378320E-008
   7.0902401934952592E-008
   8.6419782550370648E-008
   1.0211574188945879E-007
   1.1795564230930869E-007
   1.3405669173211073E-007
   1.5044138478433182E-007
   1.6384971367088593E-007
   1.7511903994675493E-007
   1.8348532773449165E-007
   1.8753752316225526E-007
   1.8734980408880730E-007
   1.8161275261582596E-007
   1.7074912984079045E-007
   1.5799653163870628E-007
   1.4372052038969942E-007
   1.3123835783736557E-007
   1.2430291398223857E-007
   1.2303992841280693E-007
   1.2953224350695383E-007
   1.3423325655321359E-007
   1.3947047524795433E-007
   1.4581521629743104E-007
   1.5432267078715684E-007
   1.6248284443849006E-007
   1.6852710977910698E-007
   1.7081063627214370E-007
   1.7545926691300209E-007
   1.8145130688755887E-007
   1.8798761529220928E-007
   1.8286053826163300E-007
   1.7119058646673008E-007
   1.5471353760006679E-007
   1.3573639817352945E-007
   1.1971058088963081E-007
   1.0661614967842383E-007
   9.8081504966798951E-008
   9.1222295968553964E-008
   8.6801213414909576E-008
   8.3743310788802103E-008
   8.1743216706668215E-008
   8.1933538165739906E-008
   8.2666207234879103E-008
   8.5349139451973293E-008
   8.8432098056835744E-008
   9.2866783224851554E-008
   9.7549872726734346E-008
   1.0250231300152212E-007
   1.0712288745628046E-007
   1.1139641759049582E-007
   1.1458164230358872E-007
   1.1620919307485467E-007
   1.1282402359237081E-007
   1.0923107837511661E-007
   1.0610000186866959E-007
   1.0610000344968284E-007
 FORQ05                   
   0.0000000000000000     
   0.0000000000000000     
   0.0000000000000000     
   0.0000000000000000     
   0.0000000000000000     
   0.0000000000000000     
   0.0000000000000000     
   0.0000000000000000     
   0.0000000000000000     
   0.0000000000000000     
   0.0000000000000000     
   0.0000000000000000     
   0.0000000000000000     
   0.0000000000000000     
   0.0000000000000000     
   0.0000000000000000     
   0.0000000000000000     
   0.0000000000000000     
   0.0000000000000000     
   0.0000000000000000     
   0.0000000000000000     
   0.0000000000000000     
   0.0000000000000000     
   0.0000000000000000     
   0.0000000000000000     
   0.0000000000000000     
   0.0000000000000000     
   0.0000000000000000     
   0.0000000000000000     
   0.0000000000000000     
   0.0000000000000000     
   0.0000000000000000     
   0.0000000000000000     
   0.0000000000000000     
   0.0000000000000000     
   0.0000000000000000     
   1.3479306820349591E-017
   1.0176102024550467E-016
   5.1253287943735200E-016
   1.2107032346896814E-015
   1.9482004935220631E-015
   2.7225056590909231E-015
   3.5331976839957796E-015
   4.3851364816521768E-015
   5.2780777517701261E-015
   6.2133639589511745E-015
   7.1873547273099404E-015
   7.7242160414420210E-015
   5.7932434523131370E-015
   1.2341268917633549E-015
  -5.1225521056161335E-015
  -1.2901361970324979E-014
  -4.8941653636270054E-015
   2.0183644446487190E-014
   8.6335161517745917E-014
  -2.3079604922495229E-013
  -8.0847438187118315E-013
  -1.6189951957490012E-012
  -9.4933270501765003E-012
  -1.9238052636922056E-011
  -3.5326167812241614E-011
  -7.2409726965004615E-011
  -1.1253751011771977E-010
  -1.8810596848240412E-010
  -2.9480777923374680E-010
  -4.1169106480411013E-010
  -6.4867373722662978E-010
  -9.2298860220976079E-010
  -1.2682167052609909E-009
  -1.7616124562295680E-009
  -2.3511437884247871E-009
  -3.1010658064942746E-009
  -3.5690440287661632E-009
  -2.5209790685676511E-009
   5.4533783258408799E-010
   6.6592242502410998E-009
   1.6013662708015615E-008
   2.7137911902146320E-008
   3.7105095960321898E-008
   4.8194411273678009E-008
   6.2713888540364688E-008
   8.1842475000619845E-008
   1.0365604746077901E-007
   1.2769938516932496E-007
   1.5101867028257409E-007
   1.7359573060042596E-007
   1.9582905145642574E-007
   2.1772382206919652E-007
   2.3577137108428989E-007
   2.5096079176481186E-007
   2.6219208764986824E-007
   2.6684811259220199E-007
   2.6505379144315916E-007
   2.5483401586311675E-007
   2.3714237307321170E-007
   2.1607099061652431E-007
   1.9199367912672764E-007
   1.6867519402311572E-007
   1.5287103277759806E-007
   1.4558180359926828E-007
   1.5131920277826290E-007
   1.5471609752846875E-007
   1.5906323034950158E-007
   1.6525110383070904E-007
   1.7526613826021871E-007
   1.8622342311833216E-007
   1.9566447304302151E-007
   2.0161083687029780E-007
   2.0707918634754586E-007
   2.1149553706882123E-007
   2.1441551941485755E-007
   2.0625369032119190E-007
   1.9278362822222882E-007
   1.7547840497223655E-007
   1.5660423076458086E-007
   1.4057020466703749E-007
   1.2735681681307909E-007
   1.1868031616211489E-007
   1.1170343126784694E-007
   1.0723272627918008E-007
   1.0468870935334704E-007
   1.0361173232836910E-007
   1.0624346483407847E-007
   1.0966801785834238E-007
   1.1636436993947991E-007
   1.2343137198766830E-007
   1.3226648625866583E-007
   1.4086077683868609E-007
   1.4925826443082108E-007
   1.5641715119817856E-007
   1.6276283378575341E-007
   1.6682790650385675E-007
   1.6862647943913744E-007
   1.6316448625992445E-007
   1.5744380434217086E-007
   1.5249999080555437E-007
   1.5249999307798134E-007
 FORQ06                   
   0.0000000000000000     
   0.0000000000000000     
   0.0000000000000000     
   0.0000000000000000     
   0.0000000000000000     
   0.0000000000000000     
   0.0000000000000000     
   0.0000000000000000     
   0.0000000000000000     
   0.0000000000000000     
   0.0000000000000000     
   0.0000000000000000     
   0.0000000000000000     
   0.0000000000000000     
   0.0000000000000000     
   0.0000000000000000     
   0.0000000000000000     
   0.0000000000000000     
   0.0000000000000000     
   0.0000000000000000     
   0.0000000000000000     
   0.0000000000000000     
   0.0000000000000000     
   0.0000000000000000     
   0.0000000000000000     
   0.0000000000000000     
   0.0000000000000000     
   0.0000000000000000     
   0.0000000000000000     
   0.0000000000000000     
   0.0000000000000000     
   0.0000000000000000     
   0.0000000000000000     
   0.0000000000000000     
   0.0000000000000000     
   0.0000000000000000     
   3.0639586785883780E-017
   2.3131127236640441E-016
   1.1650299701476873E-015
   2.7520294319310699E-015
   4.4284223940128296E-015
   6.1884827674214380E-015
   8.0312534319664360E-015
   9.9677810331669399E-015
   1.1997510754779167E-014
   1.4123494688134951E-014
   1.6337456615981836E-014
   1.7704678149306157E-014
   1.4235294218635033E-014
   5.6147817822218312E-015
  -5.8724413555662295E-015
  -1.5592536856985277E-014
  -8.0976655958500384E-015
   1.7951401617604739E-014
   8.8506250518023486E-014
  -5.8400347164936712E-013
  -1.7625684832534007E-012
  -3.3938458035970233E-012
  -2.0963294289402398E-011
  -4.2745970079531265E-011
  -7.5027216839426757E-011
  -1.3982677375030693E-010
  -2.0961270507690920E-010
  -3.2791392042918023E-010
  -4.8895722946553069E-010
  -6.6459632230433112E-010
  -1.0058719640143725E-009
  -1.3916161734822375E-009
  -1.8504722171014645E-009
  -2.4564652856323513E-009
  -3.1907783948934112E-009
  -4.1410116871285561E-009
  -4.9704964139149285E-009
  -4.7348864338244468E-009
  -3.0766875972981185E-009
   2.0265452894287885E-009
   1.0995109604793514E-008
   2.2187072884635461E-008
   3.2985250208134531E-008
   4.5355206943144986E-008
   6.1437018980504689E-008
   8.2502439485911155E-008
   1.0704482160493468E-007
   1.3459438481032763E-007
   1.6149476295018898E-007
   1.8767657054628145E-007
   2.1360555059592195E-007
   2.3938710120355503E-007
   2.6094783777704188E-007
   2.7933083544838638E-007
   2.9325542119233173E-007
   2.9940099622735789E-007
   2.9854284293863359E-007
   2.8867608662352272E-007
   2.6937583210945690E-007
   2.4499691294046407E-007
   2.1571712298946447E-007
   1.8395874375109737E-007
   1.5849789875611333E-007
   1.4208325547567233E-007
   1.4238522840054144E-007
   1.4312400972247687E-007
   1.4643926504622260E-007
   1.5303871788982230E-007
   1.6507328401418122E-007
   1.7918808719922681E-007
   1.9262325023668316E-007
   2.0338834448023390E-007
   2.1031901224248760E-007
   2.1457045657457295E-007
   2.1617044458765222E-007
   2.0996747666110993E-007
   2.0051657495889404E-007
   1.8873298862277611E-007
   1.7598294123194085E-007
   1.6534362976912085E-007
   1.5680122587146945E-007
   1.5248218435360363E-007
   1.4931482400533777E-007
   1.4756349219270994E-007
   1.4785215933233813E-007
   1.4964710527858670E-007
   1.5662108232710585E-007
   1.6450902678936503E-007
   1.7670315528258718E-007
   1.8868205084403434E-007
   2.0160384371059497E-007
   2.1290099354088116E-007
   2.2264183834241258E-007
   2.2965348520031338E-007
   2.3529206636604573E-007
   2.3756730593301224E-007
   2.3663646675954283E-007
   2.2470706020776398E-007
   2.1266224886776487E-007
   2.0249998709208754E-007
   2.0249999010957254E-007
 FORQ07                   
   0.0000000000000000     
   0.0000000000000000     
   0.0000000000000000     
   0.0000000000000000     
   0.0000000000000000     
   0.0000000000000000     
   0.0000000000000000     
   0.0000000000000000     
   0.0000000000000000     
   0.0000000000000000     
   0.0000000000000000     
   0.0000000000000000     
   0.0000000000000000     
   0.0000000000000000     
   0.0000000000000000     
   0.0000000000000000     
   0.0000000000000000     
   0.0000000000000000     
   0.0000000000000000     
   0.0000000000000000     
   0.0000000000000000     
   0.0000000000000000     
   0.0000000000000000     
   0.0000000000000000     
   0.0000000000000000     
   0.0000000000000000     
   0.0000000000000000     
   0.0000000000000000     
   0.0000000000000000     
   0.0000000000000000     
   0.0000000000000000     
   0.0000000000000000     
   0.0000000000000000     
   0.0000000000000000     
   0.0000000000000000     
   0.0000000000000000     
   4.7520776825025651E-017
   3.5875455592961472E-016
   1.8069149983738933E-015
   4.2682878363312014E-015
   6.8683065293744779E-015
   9.5980898678364478E-015
   1.2456153251774345E-014
   1.5459631045556946E-014
   1.8607661378962260E-014
   2.1904976390898224E-014
   2.5338743408905989E-014
   2.7599951773147244E-014
   2.3100188706915866E-014
   1.1399416140450321E-014
  -3.8569750821043061E-015
  -1.3516772185928939E-014
  -1.4285339490728730E-014
  -5.5588508960532648E-015
   2.5893556593132784E-014
  -7.2452089779122818E-013
  -2.0081109377002748E-012
  -3.7690206248444694E-012
  -2.6379582459231568E-011
  -5.4488557177208400E-011
  -9.2929006693925503E-011
  -1.6068109315517188E-010
  -2.3338108604349542E-010
  -3.5901758672521272E-010
  -5.3146732719381740E-010
  -7.2022447060358840E-010
  -1.1000897081424950E-009
  -1.5320728604309437E-009
  -2.0523517291707745E-009
  -2.7521761105427448E-009
  -3.5859230409153724E-009
  -4.6426673851925014E-009
  -5.6738090615658722E-009
  -5.9786405169324166E-009
  -5.3090394049697813E-009
  -1.3494160941461186E-009
   6.3943570086856567E-009
   1.6381581528526532E-008
   2.6545966720359554E-008
   3.8433084294038406E-008
   5.3847396229009651E-008
   7.3995942873660220E-008
   9.7832272794365186E-008
   1.2495945815878154E-007
   1.5191739437131656E-007
   1.7859273803211609E-007
   2.0551662132995663E-007
   2.3322283519561515E-007
   2.5698021916899214E-007
   2.7769192647975824E-007
   2.9402340294461923E-007
   3.0207505094260447E-007
   3.0327661479888103E-007
   2.9580543520304408E-007
   2.7812538268002335E-007
   2.5452235480567513E-007
   2.2501883351023612E-007
   1.9090996917389269E-007
   1.6175371437546970E-007
   1.4116747044675352E-007
   1.3814779802767633E-007
   1.3770853207832260E-007
   1.4101104383697648E-007
   1.4859500365165328E-007
   1.6268605943804953E-007
   1.7946538599275294E-007
   1.9588573316750746E-007
   2.0983998260071478E-007
   2.1867872597104951E-007
   2.2458328342186006E-007
   2.2774500418079791E-007
   2.2455336182669362E-007
   2.1865930672164380E-007
   2.1077984448364385E-007
   2.0154647937396530E-007
   1.9390013971458467E-007
   1.8783061065306198E-007
   1.8575143968952432E-007
   1.8444973929400174E-007
   1.8374682221200499E-007
   1.8493165051489942E-007
   1.8749586250338949E-007
   1.9568269476437502E-007
   2.0479467372366528E-007
   2.1804452133976133E-007
   2.3071237543442358E-007
   2.4351434634741991E-007
   2.5400033131682426E-007
   2.6224022891034615E-007
   2.6715627219909885E-007
   2.7057324761824823E-007
   2.7038651863471439E-007
   2.6658945413468945E-007
   2.4976491285105668E-007
   2.3300744261043148E-007
   2.1899999709321855E-007
   2.1900000035657285E-007
 FORQ08                   
   0.0000000000000000     
   0.0000000000000000     
   0.0000000000000000     
   0.0000000000000000     
   0.0000000000000000     
   0.0000000000000000     
   0.0000000000000000     
   0.0000000000000000     
   0.0000000000000000     
   0.0000000000000000     
   0.0000000000000000     
   0.0000000000000000     
   0.0000000000000000     
   0.0000000000000000     
   0.0000000000000000     
   0.0000000000000000     
   0.0000000000000000     
   0.0000000000000000     
   0.0000000000000000     
   0.0000000000000000     
   0.0000000000000000     
   0.0000000000000000     
   0.0000000000000000     
   0.0000000000000000     
   0.0000000000000000     
   0.0000000000000000     
   0.0000000000000000     
   0.0000000000000000     
   0.0000000000000000     
   0.0000000000000000     
   0.0000000000000000     
   0.0000000000000000     
   0.0000000000000000     
   0.0000000000000000     
   0.0000000000000000     
   0.0000000000000000     
   4.7520776825025651E-017
   3.5875455592961472E-016
   1.8069149983738933E-015
   4.2682878363312014E-015
   6.8683065293744779E-015
   9.5980898678364478E-015
   1.2456153251774345E-014
   1.5459631045556946E-014
   1.8607661378962260E-014
   2.1904976390898224E-014
   2.5338743408905989E-014
   2.7599951773147244E-014
   2.3100188706915866E-014
   1.1399416140450321E-014
  -3.8569750821043061E-015
  -1.3516772185928939E-014
  -1.4285339490728730E-014
  -5.5588508960532648E-015
   2.5893556593132784E-014
  -7.2452089779122818E-013
  -2.0081109377002748E-012
  -3.7690206248444694E-012
  -2.6379582459231568E-011
  -5.4488557177208400E-011
  -9.2929006693925503E-011
  -1.6068109315517188E-010
  -2.3338108604349542E-010
  -3.5901758672521272E-010
  -5.3146732719381740E-010
  -7.2022447060358840E-010
  -1.1000897081424950E-009
  -1.5320728604309437E-009
  -2.0523517291707745E-009
  -2.7521761105427448E-009
  -3.5859230409153724E-009
  -4.6426673851925014E-009
  -5.6738090615658722E-009
  -5.9786405169324166E-009
  -5.3090394049697813E-009
  -1.3494160941461186E-009
   6.3943570086856567E-009
   1.6381581528526532E-008
   2.6545966720359554E-008
   3.8433084294038406E-008
   5.3847396229009651E-008
   7.3995942873660220E-008
   9.7832272794365186E-008
   1.2495945815878154E-007
   1.5191739437131656E-007
   1.7859273803211609E-007
   2.0551662132995663E-007
   2.3322283519561515E-007
   2.5698021916899214E-007
   2.7769192647975824E-007
   2.9402340294461923E-007
   3.0207505094260447E-007
   3.0327661479888103E-007
   2.9580543520304408E-007
   2.7812538268002335E-007
   2.5452235480567513E-007
   2.2501883351023612E-007
   1.9090996917389269E-007
   1.6175371437546970E-007
   1.4116747044675352E-007
   1.3814779802767633E-007
   1.3770853207832260E-007
   1.4101104383697648E-007
   1.4859500365165328E-007
   1.6268605943804953E-007
   1.7946538599275294E-007
   1.9588573316750746E-007
   2.0983998260071478E-007
   2.1867872597104951E-007
   2.2458328342186006E-007
   2.2774500418079791E-007
   2.2455336182669362E-007
   2.1865930672164380E-007
   2.1077984448364385E-007
   2.0154647937396530E-007
   1.9390013971458467E-007
   1.8783061065306198E-007
   1.8575143968952432E-007
   1.8444973929400174E-007
   1.8374682221200499E-007
   1.8493165051489942E-007
   1.8749586250338949E-007
   1.9568269476437502E-007
   2.0479467372366528E-007
   2.1804452133976133E-007
   2.3071237543442358E-007
   2.4351434634741991E-007
   2.5400033131682426E-007
   2.6224022891034615E-007
   2.6715627219909885E-007
   2.7057324761824823E-007
   2.7038651863471439E-007
   2.6658945413468945E-007
   2.4976491285105668E-007
   2.3300744261043148E-007
   2.1899999709321855E-007
   2.1900000035657285E-007
 SURFAEROS.SEA            
   6.1999999999999998E-003
 SURFAEROS.LAND           
   2.1999999999999999E-002
 SURFAEROS.SOOT           
   1.5299999999999999E-003
 SURFAEROS.DESERT         
   26.000399999999999     
 SURFTEMPERATURE          
   301.29998779296881     
 SURFRESERV.NEIGE         
   0.0000000000000000     
 SURFRESERV.EAU           
   10.000000000000000     
 SURFZ0.FOIS.G            
   1.0000000000000000E-002
 SURFALBEDO               
   7.0000000000000007E-002
 SURFEMISSIVITE           
  0.95999999999999996     
 SURFET.GEOPOTENTIEL      
   0.0000000000000000     
 SURFVAR.GEOP.ANI         
   0.0000000000000000     
 SURFVAR.GEOP.DIR         
   0.0000000000000000     
 SURFIND.TERREMER(PITM)   
   0.0000000000000000     
 PROFTEMPERATURE          
   301.29998779296881     
 PROFRESERV.EAU           
   8000.0000000000000     
 PROFRESERV.GLACE         
   0.0000000000000000     
 SURFRESERV.INTER         
   0.0000000000000000     
 SURFRESERV.GLACE         
   0.0000000000000000     
 SURFIND.VEG.DOMI(PIVEG)  
   1.0000000000000000     
 SURFRESI.STO.MIN         
   68.000000000000000     
 SURFPROP.ARGILE          
   25.000000000000000     
 SURFPROP.SABLE           
   50.000000000000000     
 SURFEPAIS.SOL            
   8.0000000000000000     
 SURFIND.FOLIAIRE         
   1.5000000000000000     
 SURFRES.EVAPOTRA         
   2.0000000000000000E-002
 SURFGZ0.THERM            
   1.0000000000000000E-002
 SURFPROP.VEGETAT         
  0.20000000000000001     
 STOP                     
