0.0 0.0
0.0 1.97534814815e-05
0.0 3.93168592593e-05
0.0 7.29598617284e-05
0.0 0.00012748957037
0.0 0.000211492464198
0.0 0.000335336869136
0.0 0.000511077540741
0.0 0.000752273145679
0.0 0.0010737339358
0.0 0.00149121998025
0.0 0.00202111062716
0.0 0.00268006425679
0.0 0.00348468635062
0.0 0.00445121768889
0.0 0.00559525161481
0.0 0.00693148991605
0.0 0.00847353877531
0.0 0.0102337432494
0.0 0.012223066163
0.0 0.0144510018765
0.0 0.0169255268642
0.0 0.0196530803951
0.0 0.0226385730173
0.0 0.0258854166716
0.0 0.0293955777383
0.0 0.0331696373432
0.0 0.0372068745185
0.0 0.0415053481877
0.0 0.0460619888099
0.0 0.0508726900049
0.0 0.0559324074074
0.0 0.061232981284
0.0 0.0667627363062
0.0 0.0725086153827
0.0 0.0784625661185
0.0 0.0846435464395
0.0 0.0910775928802
0.0 0.0977955321778
0.0 0.104833636801
0.0 0.11223454798
0.0 0.120048355489
0.0 0.12833407694
0.0 0.137138412412
0.0 0.146490164589
0.0 0.156419538912
0.0 0.166958176095
0.0 0.178139188341
0.0 0.189997267586
0.0 0.202568682033
0.0 0.215891396484
0.0 0.230005084417
0.0 0.244951216084
0.0 0.260773114556
0.0 0.277516036968
0.0 0.295227215062
0.0 0.313955958006
0.0 0.333753668049
0.0 0.354673955199
0.0 0.376772687025
0.0 0.400108092963
0.0 0.424725816101
0.0 0.450653491707
0.0 0.477660789805
0.0 0.505502682769
0.0 0.53391217189
0.0 0.562608078706
0.0 0.591311931833
0.0 0.61986229666
0.0 0.648126350588
0.0 0.675985725299
0.0 0.701181078009
0.0 0.710445028875
0.0 0.719708979741
0.0 0.728972930607
0.0 0.738236881473
0.0 0.747500832339
0.0 0.756764783205
0.0 0.766028734071
0.0 0.775292684937
0.0 0.784556639193
0.0 0.794800311694
0.0 0.805043984194
0.0 0.815287656695
0.0 0.825531329195
0.0 0.835775001695
0.0 0.846018674196
0.0 0.856262346696
0.0 0.866506019197
0.0 0.876749691697
0.0 0.886993361108
0.0 0.887558394303
0.0 0.888688460691
0.0 0.88981852708
0.0 0.890948593469
0.0 0.892078659858
0.0 0.893208726247
0.0 0.894338792636
0.0 0.895468859025
0.0 0.896598925414
0.0 0.897728991803
0.0 0.898859058192
0.0 0.899989124581
0.0 0.90111919097
0.0 0.902249257359
0.0 0.903379323747
0.0 0.904509390136
0.0 0.905639456525
0.0 0.906769522914
0.0 0.907899589303
0.0 0.909029655692
0.0 0.910159722081
0.0 0.91128978847
0.0 0.912419854859
0.0 0.913549921248
0.0 0.914679987637
0.0 0.915810054026
0.0 0.916940120414
0.0 0.918070186803
0.0 0.919200253192
0.0 0.920330319581
0.0 0.92146038597
0.0 0.922590452359
0.0 0.923720518748
0.0 0.924850585137
0.0 0.925980651526
0.0 0.927110717915
0.0 0.928240784304
0.0 0.929370850693
0.0 0.930500917081
0.0 0.93163098347
0.0 0.932761049859
0.0 0.933891116248
0.0 0.935021182637
0.0 0.936151249026
0.0 0.937281315415
0.0 0.938411381804
0.0 0.939541448193
0.0 0.940671514582
0.0 0.941801580971
0.0 0.94293164736
0.0 0.944061713749
0.0 0.945191780137
0.0 0.946321846526
0.0 0.947451912915
0.0 0.948581979304
0.0 0.949712045693
0.0 0.950842112082
0.0 0.951972178471
0.0 0.95310224486
0.0 0.954232311249
0.0 0.955362377638
0.0 0.956492444027
0.0 0.957622510416
0.0 0.958752576804
0.0 0.959882643193
0.0 0.961012709582
0.0 0.962142775971
0.0 0.96327284236
0.0 0.964402908749
0.0 0.965532975138
0.0 0.966663041527
0.0 0.967793107916
0.0 0.968923174305
0.0 0.970053240694
0.0 0.971183307083
0.0 0.972313373471
0.0 0.97344343986
0.0 0.974573506249
0.0 0.975703572638
0.0 0.976833639027
0.0 0.977963705416
0.0 0.979093771805
0.0 0.980223838194
0.0 0.981353904583
0.0 0.982483970972
0.0 0.983614037361
0.0 0.98474410375
0.0 0.985874170139
0.0 0.987004236527
0.0 0.988134302916
0.0 0.989264369305
0.0 0.990394435694
0.0 0.991524502083
0.0 0.992654568472
0.0 0.993784634861
0.0 0.99491470125
0.0 0.996044767639
0.0 0.997174834028
0.0 0.998304900417
0.0 0.999434966806
0.0 1.0
