    0.0000000000  0.0000000000
 2718.2818290000  0.0000000000
 3747.0892910000  0.0000000000
 4915.5871600000  0.0000000000
 6184.6294560000  0.0000000000
 7511.8265670000  0.0000000000
 8869.1013440000  0.0000000000
10030.3043560000  0.0020808742
10981.6528560000  0.0063342307
11785.4413590000  0.0121732181
12467.1153880000  0.0193986154
13036.9966000000  0.0278371306
13504.5349740000  0.0373529653
13878.6389420000  0.0478429390
14167.4677320000  0.0592352126
14378.1647930000  0.0714873482
14516.6247470000  0.0845746582
14587.3583450000  0.0983741718
14595.7553130000  0.1128383503
14546.6965210000  0.1279315334
14444.6133140000  0.1436185400
14293.6730220000  0.1598595007
14097.9873450000  0.1766044735
13861.8304060000  0.1937879788
13589.8532570000  0.2113235966
13287.2816080000  0.2290987842
12960.0838710000  0.2469701004
12612.2517100000  0.2649022016
12247.2876750000  0.2828675957
11868.2458400000  0.3008456607
11477.7789000000  0.3188216081
11078.1887460000  0.3367854211
10671.4781830000  0.3547307961
10259.4019040000  0.3726541060
 9843.5153630000  0.3905533994
 9425.2204620000  0.4084274461
 9005.8073000000  0.4262748343
 8586.4913970000  0.4440931265
 8168.6955890000  0.4618674416
 7753.7606470000  0.4795830255
 7342.9546090000  0.4972249800
 6937.4805800000  0.5147780123
 6538.4830210000  0.5322262004
 6147.0524250000  0.5495527773
 5764.2283470000  0.5667399335
 5391.0007880000  0.5837686388
 5028.3099840000  0.6006184839
 4677.0446800000  0.6172675404
 4338.0390100000  0.6336922407
 4012.0682330000  0.6498672716
 3699.8432820000  0.6657654933
 3402.0047480000  0.6813578657
 3119.0076290000  0.6966193450
 2851.1412390000  0.7115283190
 2598.5376270000  0.7260667007
 2361.1821860000  0.7402199922
 2138.9260370000  0.7539773233
 1931.4997830000  0.7673314668
 1738.5282160000  0.7802788340
 1559.5456110000  0.7928194542
 1394.0112400000  0.8049569410
 1241.3248900000  0.8166984434
 1100.8419120000  0.8280546004
  971.8879120000  0.8390394770
  853.7727000000  0.8496705050
  746.1065110000  0.8599386316
  648.4462930000  0.8698369440
  560.3052390000  0.8793606592
  481.1622820000  0.8885071083
  410.4713790000  0.8972757162
  347.6704450000  0.9056679778
  292.1898110000  0.9136874321
  243.4600980000  0.9213396338
  200.9194210000  0.9286321259
  164.0198800000  0.9355744104
  132.2332700000  0.9421779224
  105.0560500000  0.9484559990
   82.0134960000  0.9544238611
   62.7448320000  0.9600729770
   46.8857140000  0.9653949126
   34.0715140000  0.9703813221
   23.9407390000  0.9750239392
   16.1385370000  0.9793145669
   10.3203020000  0.9832450676
    6.1553360000  0.9868073535
    3.3305760000  0.9899933762
    1.5543470000  0.9927951169
    0.5601300000  0.9952045769
    0.1103280000  0.9972137692
    0.0000000000  0.9988147073
    0.0000000000  1.0000000000
