0.0 0.0
2.00036501884 0.0
3.10224103928 0.0
4.66608381271 0.0
6.82797718048 0.0
9.746966362 0.0
13.6054239273 0.0
18.6089305878 0.0
24.9857177734 0.0
32.985710144 0.0
42.8792419434 0.0
54.9554634094 0.0
69.5205764771 0.0
86.8958816528 0.0
107.415740967 0.0
131.425506592 0.0
159.279403687 0.0
191.338562012 0.0
227.968948364 0.0
269.539581299 0.0
316.42074585 0.0
368.98236084 0.0
427.592498779 0.0
492.616027832 0.0
564.413452148 0.0
643.339904785 0.0
729.744140625 0.0
823.967834473 0.0
926.344909668 0.0
1037.20117188 0.0
1156.8536377 0.0
1285.61035156 0.0
1423.7701416 0.0
1571.6229248 0.0
1729.44897461 0.0
1897.51928711 0.0
2076.09594727 0.0
2265.43164062 0.0
2465.77050781 0.0
2677.34814453 0.0
2900.39135742 0.0
3135.11938477 0.0
3381.74365234 0.0
3640.46826172 0.0
3911.49047852 0.0
4194.93066406 0.0
4490.81738281 0.0
4799.14941406 0.0
5119.89501953 0.0
5452.99072266 0.0
5798.34472656 0.0
6156.07421875 0.0
6526.94677734 0.0
6911.87060547 0.0
7311.86914062 3.8199999608e-08
7727.41210938 6.76070021655e-06
8159.35400391 2.43480008066e-05
8608.52539062 5.89219998801e-05
9076.40039062 0.000111914298031
9562.68261719 0.000198577399715
10065.9785156 0.000340379687259
10584.6318359 0.000561555323657
11116.6621094 0.00088969792705
11660.0673828 0.00135280552786
12211.5478516 0.00199183798395
12766.8730469 0.00285712420009
13324.6689453 0.00397095363587
13881.3310547 0.00537781463936
14432.1396484 0.00713337678462
14975.6152344 0.00926146004349
15508.2568359 0.0118060223758
16026.1152344 0.0148156285286
16527.3222656 0.018318451941
17008.7890625 0.0223548449576
17467.6132812 0.0269635207951
17901.6210938 0.0321760959923
18308.4335938 0.0380263999104
18685.71875 0.0445479601622
19031.2890625 0.0517730154097
19343.5117188 0.0597284138203
19620.0429688 0.0684482529759
19859.390625 0.0779583081603
20059.9316406 0.0882857367396
20219.6640625 0.0994616672397
20337.8632812 0.111504651606
20412.3085938 0.124448128045
20442.078125 0.138312891126
20425.71875 0.153125032783
20361.8164062 0.16891041398
20249.5117188 0.18568944931
20087.0859375 0.203491210938
19874.0253906 0.222332865
19608.5722656 0.242244005203
19290.2265625 0.263241887093
18917.4609375 0.285354018211
18489.7070312 0.308598458767
18006.9257812 0.332939088345
17471.8398438 0.35825419426
16888.6875 0.38436332345
16262.046875 0.411124765873
15596.6953125 0.438391208649
14898.453125 0.466003298759
14173.3242188 0.493800312281
13427.7695312 0.521619200706
12668.2578125 0.549301147461
11901.3398438 0.576692163944
11133.3046875 0.603648066521
10370.1757812 0.630035817623
9617.515625 0.655735969543
8880.453125 0.68064302206
8163.375 0.704668998718
7470.34375 0.72773873806
6804.421875 0.749796569347
6168.53125 0.770797550678
5564.3828125 0.790716767311
4993.796875 0.809536039829
4457.375 0.827256083488
3955.9609375 0.843881130219
3489.234375 0.859431803226
3057.265625 0.873929262161
2659.140625 0.887407541275
2294.2421875 0.899900496006
1961.5 0.911448180676
1659.4765625 0.922095656395
1387.546875 0.931880772114
1143.25 0.940859556198
926.5078125 0.949064433575
734.9921875 0.956549525261
568.0625 0.963351726532
424.4140625 0.96951341629
302.4765625 0.97507840395
202.484375 0.980071604252
122.1015625 0.984541893005
62.78125 0.988499522209
22.8359375 0.991984009743
3.75781297684 0.995002508163
0.0 0.997630119324
0.0 1.0
