0.0 0.0
0.0 0.001
0.0 0.01
0.0 0.1
0.0 0.2
0.0 0.3
0.0 0.4
0.0 0.5
0.0 0.6
0.0 0.6474134
0.0 0.665349765
0.0 0.68202617
0.0 0.697476875
0.0 0.711751915
0.0 0.724936095
0.0 0.73708371
0.0 0.748259255
0.0 0.75855824
0.0 0.768039255
0.0 0.776721365
0.0 0.784650585
0.0 0.791923475
0.0 0.79861793
0.0 0.80474504
0.0 0.81031754
0.0 0.81539723
0.0 0.82004805
0.0 0.824287855
0.0 0.82815965
0.0 0.83170742
0.0 0.83493988
0.0 0.837890545
0.0 0.84058129
0.0 0.84308348
0.0 0.84553043
0.0 0.847983045
0.0 0.850441365
0.0 0.85290531
0.0 0.855374845
0.0 0.85785
0.0 0.86033074
0.0 0.86281707
0.0 0.865308985
0.0 0.867806525
0.0 0.87030969
0.0 0.87281848
0.0 0.87533293
0.0 0.877853005
0.0 0.88037875
0.0 0.88291016
0.0 0.885448555
0.0 0.888001285
0.0 0.890576795
0.0 0.89317367
0.0 0.89578484
0.0 0.898405235
0.0 0.90103266
0.0 0.903666445
0.0 0.90630621
0.0 0.908951995
0.0 0.91160375
0.0 0.91426121
0.0 0.91692422
0.0 0.919592775
0.0 0.922266875
0.0 0.92494652
0.0 0.927631715
0.0 0.9303225
0.0 0.93301891
0.0 0.9357209
0.0 0.938428435
0.0 0.9411416
0.0 0.94386039
0.0 0.946584765
0.0 0.949314765
0.0 0.95205039
0.0 0.95479168
0.0 0.957538595
0.0 0.960291175
0.0 0.963049415
0.0 0.96581328
0.0 0.96858285
0.0 0.971358125
0.0 0.97411121
0.0 0.97681406
0.0 0.9794384
0.0 0.981899765
0.0 0.98414121
0.0 0.98616164
0.0 0.987960075
0.0 0.98956379
0.0 0.99105668
0.0 0.992494725
0.0 0.993877775
0.0 0.995205625
0.0 0.99647781
0.0 0.997693905
0.0 0.99885336
0.0 1.0
