   90     0.63812180E+05     0.38150000E+04
   89     0.65670500E+05     0.35805000E+04
   88     0.67399453E+05     0.33670000E+04
   87     0.69005781E+05     0.31725000E+04
   86     0.70489594E+05     0.29960000E+04
   85     0.71860789E+05     0.28355000E+04
   84     0.73126430E+05     0.26895000E+04
   83     0.74290312E+05     0.25570000E+04
   82     0.75361539E+05     0.24365000E+04
   81     0.76350109E+05     0.23265000E+04
   80     0.77257742E+05     0.22265000E+04
   79     0.78086531E+05     0.21360000E+04
   78     0.78843586E+05     0.20540000E+04
   77     0.79541109E+05     0.19790000E+04
   76     0.80182477E+05     0.19105000E+04
   75     0.80766531E+05     0.18485000E+04
   74     0.81296977E+05     0.17925000E+04
   73     0.81782469E+05     0.17415000E+04
   72     0.82227141E+05     0.16950000E+04
   71     0.82630430E+05     0.16530000E+04
   70     0.83001500E+05     0.16145000E+04
   69     0.83339984E+05     0.15795000E+04
   68     0.83647992E+05     0.15477500E+04
   67     0.83930117E+05     0.15187500E+04
   66     0.84186141E+05     0.14925000E+04
   65     0.84430555E+05     0.14675000E+04
   64     0.84675531E+05     0.14425000E+04
   63     0.84921078E+05     0.14175000E+04
   62     0.85167195E+05     0.13925000E+04
   61     0.85413867E+05     0.13675000E+04
   60     0.85661102E+05     0.13425000E+04
   59     0.85908898E+05     0.13175000E+04
   58     0.86157250E+05     0.12925000E+04
   57     0.86406164E+05     0.12675000E+04
   56     0.86655633E+05     0.12425000E+04
   55     0.86905672E+05     0.12175000E+04
   54     0.87156266E+05     0.11925000E+04
   53     0.87407430E+05     0.11675000E+04
   52     0.87659156E+05     0.11425000E+04
   51     0.87911445E+05     0.11175000E+04
   50     0.88164305E+05     0.10925000E+04
   49     0.88417727E+05     0.10675000E+04
   48     0.88671984E+05     0.10425000E+04
   47     0.88928273E+05     0.10175000E+04
   46     0.89187086E+05     0.99250000E+03
   45     0.89447648E+05     0.96750000E+03
   44     0.89709320E+05     0.94250000E+03
   43     0.89971727E+05     0.91750000E+03
   42     0.90234805E+05     0.89250000E+03
   41     0.90498484E+05     0.86750000E+03
   40     0.90762758E+05     0.84250000E+03
   39     0.91027641E+05     0.81750000E+03
   38     0.91293109E+05     0.79250000E+03
   37     0.91559133E+05     0.76750000E+03
   36     0.91825711E+05     0.74250000E+03
   35     0.92092844E+05     0.71750000E+03
   34     0.92360531E+05     0.69250000E+03
   33     0.92628773E+05     0.66750000E+03
   32     0.92897570E+05     0.64250000E+03
   31     0.93166930E+05     0.61750000E+03
   30     0.93436852E+05     0.59250000E+03
   29     0.93707328E+05     0.56750000E+03
   28     0.93978359E+05     0.54250000E+03
   27     0.94249961E+05     0.51750000E+03
   26     0.94522117E+05     0.49250000E+03
   25     0.94794836E+05     0.46750000E+03
   24     0.95068117E+05     0.44250000E+03
   23     0.95341961E+05     0.41750000E+03
   22     0.95616375E+05     0.39250000E+03
   21     0.95891344E+05     0.36750000E+03
   20     0.96166891E+05     0.34250000E+03
   19     0.96442992E+05     0.31750000E+03
   18     0.96719664E+05     0.29250000E+03
   17     0.96996906E+05     0.26750000E+03
   16     0.97274719E+05     0.24250000E+03
   15     0.97547523E+05     0.21800000E+03
   14     0.97815289E+05     0.19400000E+03
   13     0.98072391E+05     0.17100000E+03
   12     0.98307562E+05     0.15000000E+03
   11     0.98520680E+05     0.13100000E+03
   10     0.98711648E+05     0.11400000E+03
    9     0.98880367E+05     0.99000000E+02
    8     0.99032391E+05     0.85500000E+02
    7     0.99178945E+05     0.72500000E+02
    6     0.99320000E+05     0.60000000E+02
    5     0.99455555E+05     0.48000000E+02
    4     0.99585570E+05     0.36500000E+02
    3     0.99709992E+05     0.25500000E+02
    2     0.99828789E+05     0.15000000E+02
    1     0.99941883E+05     0.50000000E+01
