0. 0.
2000.0000000 0.
4000.0000000 0.
6000.0000000 0.
8000.0000000 0.
9976.1367188 0.0003909
11820.5390625 0.0029197
13431.3945313 0.0091941
14736.3554688 0.0203192
15689.2070313 0.0369749
16266.6093750 0.0594876
16465.0039063 0.0878950
16297.6210938 0.1220036
15791.5976563 0.1614415
14985.2695313 0.2057033
13925.5195313 0.2541886
12665.2929688 0.3062354
11261.2304688 0.3611450
9771.4062500 0.4182023
8253.2109375 0.4766881
6761.3398438 0.5358866
5345.9140625 0.5950842
4050.7177734 0.6535646
2911.5693359 0.7105944
1954.8051758 0.7654052
1195.8898926 0.8171670
638.1489258 0.8649558
271.6264648 0.9077159
72.0635834 0.9442132
0.0000000 0.9729852
0.0000000 0.9922815
0.0000000 1.0000
