Length of each field (nt):
       17.000
Number of Pressure levels (np):
       18.0000
Pressure Levels p(np) mb :
   .9650000E+03   .9150000E+03   .8650000E+03   .8150000E+03   .7650000E+03
   .7150000E+03   .6650000E+03   .6150000E+03   .5650000E+03   .5150000E+03
   .4650000E+03   .4150000E+03   .3650000E+03   .3150000E+03   .2650000E+03
   .2150000E+03   .1650000E+03   .1150000E+03
Time t(nt):
   .1784790E+03   .1786040E+03   .1787290E+03   .1788540E+03   .1789790E+03
   .1791040E+03   .1792290E+03   .1793540E+03   .1794790E+03   .1796040E+03
   .1797290E+03   .1798540E+03   .1799790E+03   .1801040E+03   .1802290E+03
   .1803540E+03   .1804790E+03 
Year yy(nt):
   .1997000E+04   .1997000E+04   .1997000E+04   .1997000E+04   .1997000E+04
   .1997000E+04   .1997000E+04   .1997000E+04   .1997000E+04   .1997000E+04
   .1997000E+04   .1997000E+04   .1997000E+04   .1997000E+04   .1997000E+04
   .1997000E+04   .1997000E+04 
Month mo(nt):
   .6000000E+01   .6000000E+01   .6000000E+01   .6000000E+01   .6000000E+01
   .6000000E+01   .6000000E+01   .6000000E+01   .6000000E+01   .6000000E+01
   .6000000E+01   .6000000E+01   .6000000E+01   .6000000E+01   .6000000E+01
   .6000000E+01   .6000000E+01 
Day                                               
   .2700000E+02   .2700000E+02   .2700000E+02   .2700000E+02   .2700000E+02
   .2800000E+02   .2800000E+02   .2800000E+02   .2800000E+02   .2800000E+02
   .2800000E+02   .2800000E+02   .2800000E+02   .2900000E+02   .2900000E+02
   .2900000E+02   .2900000E+02 
Hour hh(nt):
   .1100000E+02   .1400000E+02   .1700000E+02   .2000000E+02   .2300000E+02
   .2000000E+01   .5000000E+01   .8000000E+01   .1100000E+02   .1400000E+02
   .1700000E+02   .2000000E+02   .2300000E+02   .2000000E+01   .5000000E+01
   .8000000E+01   .1100000E+02 
Minutes mm(nt):
   .3000000E+02   .3000000E+02   .3000000E+02   .3000000E+02   .3000000E+02
   .3000000E+02   .3000000E+02   .3000000E+02   .3000000E+02   .3000000E+02
   .3000000E+02   .3000000E+02   .3000000E+02   .3000000E+02   .3000000E+02
   .3000000E+02   .3000000E+02 
Number of Multi-Level Fields:
      19
Temp_(K)                                          
   .2964870E+03   .2984270E+03   .3008030E+03   .3024280E+03   .3016100E+03
   .2992200E+03   .2976310E+03   .2959910E+03   .2963890E+03   .2976470E+03
   .3000480E+03   .3007490E+03   .3000540E+03   .2982110E+03   .2968400E+03
   .2956850E+03   .2959300E+03
   .2944590E+03   .2957430E+03   .2974770E+03   .2987330E+03   .2984610E+03
   .2975760E+03   .2966780E+03   .2959180E+03   .2954770E+03   .2958140E+03
   .2966850E+03   .2976060E+03   .2973700E+03   .2965750E+03   .2954430E+03
   .2947310E+03   .2948880E+03
   .2919320E+03   .2925540E+03   .2934630E+03   .2942940E+03   .2944480E+03
   .2942780E+03   .2939880E+03   .2934820E+03   .2928900E+03   .2927570E+03
   .2930100E+03   .2935830E+03   .2936840E+03   .2936500E+03   .2933800E+03
   .2931530E+03   .2932300E+03
   .2887120E+03   .2890240E+03   .2895250E+03   .2900790E+03   .2903680E+03
   .2904620E+03   .2903550E+03   .2899210E+03   .2893700E+03   .2891270E+03
   .2891950E+03   .2896480E+03   .2899300E+03   .2902050E+03   .2902300E+03
   .2902610E+03   .2905070E+03
   .2853920E+03   .2855120E+03   .2857620E+03   .2861060E+03   .2864070E+03
   .2866000E+03   .2865220E+03   .2860700E+03   .2855420E+03   .2853110E+03
   .2854220E+03   .2859060E+03   .2863050E+03   .2866210E+03   .2867150E+03
   .2868450E+03   .2871000E+03
   .2817090E+03   .2816950E+03   .2818740E+03   .2821530E+03   .2824240E+03
   .2825810E+03   .2824280E+03   .2819680E+03   .2815130E+03   .2813810E+03
   .2816460E+03   .2821880E+03   .2826460E+03   .2829110E+03   .2830000E+03
   .2831820E+03   .2834470E+03
   .2775650E+03   .2775280E+03   .2777340E+03   .2780080E+03   .2782390E+03
   .2783280E+03   .2781410E+03   .2777940E+03   .2775020E+03   .2774880E+03
   .2778540E+03   .2784010E+03   .2789050E+03   .2791690E+03   .2792780E+03
   .2794510E+03   .2795840E+03
   .2733070E+03   .2732150E+03   .2734370E+03   .2736850E+03   .2739430E+03
   .2740030E+03   .2738360E+03   .2736300E+03   .2735540E+03   .2736680E+03
   .2740940E+03   .2746040E+03   .2751250E+03   .2754090E+03   .2754660E+03
   .2755460E+03   .2754690E+03
   .2692870E+03   .2691650E+03   .2693210E+03   .2694710E+03   .2697450E+03
   .2698390E+03   .2697390E+03   .2696280E+03   .2696610E+03   .2697780E+03
   .2701440E+03   .2706130E+03   .2711470E+03   .2714500E+03   .2714260E+03
   .2713930E+03   .2711210E+03
   .2651350E+03   .2650590E+03   .2651840E+03   .2652070E+03   .2654090E+03
   .2654800E+03   .2654140E+03   .2653490E+03   .2654090E+03   .2654540E+03
   .2656980E+03   .2661000E+03   .2665610E+03   .2667910E+03   .2666570E+03
   .2665320E+03   .2662220E+03
   .2602630E+03   .2602990E+03   .2605230E+03   .2605730E+03   .2607000E+03
   .2606930E+03   .2605610E+03   .2604450E+03   .2604340E+03   .2603890E+03
   .2605400E+03   .2608880E+03   .2612160E+03   .2613090E+03   .2611000E+03
   .2609080E+03   .2606680E+03
   .2544300E+03   .2545870E+03   .2549530E+03   .2550800E+03   .2551250E+03
   .2549730E+03   .2547250E+03   .2545270E+03   .2545270E+03   .2545120E+03
   .2546670E+03   .2549800E+03   .2552090E+03   .2551990E+03   .2549720E+03
   .2547820E+03   .2547240E+03
   .2476680E+03   .2478200E+03   .2481590E+03   .2483300E+03   .2483610E+03
   .2481330E+03   .2478160E+03   .2475320E+03   .2475730E+03   .2476410E+03
   .2478680E+03   .2482370E+03   .2484850E+03   .2485260E+03   .2483180E+03
   .2481470E+03   .2482040E+03
   .2397370E+03   .2397440E+03   .2399270E+03   .2400880E+03   .2401780E+03
   .2400140E+03   .2397900E+03   .2395420E+03   .2396240E+03   .2397240E+03
   .2400070E+03   .2405250E+03   .2409520E+03   .2411740E+03   .2410470E+03
   .2409720E+03   .2411510E+03
   .2310790E+03   .2308100E+03   .2307480E+03   .2307910E+03   .2308810E+03
   .2308840E+03   .2309380E+03   .2309050E+03   .2310240E+03   .2311480E+03
   .2315370E+03   .2322780E+03   .2328950E+03   .2332440E+03   .2332390E+03
   .2332010E+03   .2332940E+03
   .2226810E+03   .2223720E+03   .2222640E+03   .2223470E+03   .2225160E+03
   .2227710E+03   .2230700E+03   .2231260E+03   .2230830E+03   .2230180E+03
   .2232810E+03   .2237960E+03   .2242140E+03   .2243990E+03   .2244320E+03
   .2243490E+03   .2243340E+03
   .2140550E+03   .2138730E+03   .2138010E+03   .2139280E+03   .2140970E+03
   .2144470E+03   .2147180E+03   .2147550E+03   .2146360E+03   .2145670E+03
   .2146870E+03   .2148130E+03   .2149200E+03   .2148720E+03   .2148810E+03
   .2147520E+03   .2146430E+03
   .2099210E+03   .2099320E+03   .2099980E+03   .2102500E+03   .2104060E+03
   .2107290E+03   .2108520E+03   .2108880E+03   .2107650E+03   .2106080E+03
   .2103880E+03   .2100700E+03   .2100800E+03   .2099690E+03   .2098750E+03
   .2096560E+03   .2095920E+03
H2O_Mixing_Ratio_(g/kg)                           
   .1444802E+02   .1501219E+02   .1489598E+02   .1464140E+02   .1422404E+02
   .1424157E+02   .1424724E+02   .1419087E+02   .1438919E+02   .1451783E+02
   .1502784E+02   .1551585E+02   .1601146E+02   .1622973E+02   .1620062E+02
   .1628032E+02   .1645697E+02
   .1321935E+02   .1338056E+02   .1315243E+02   .1315018E+02   .1284674E+02
   .1274420E+02   .1276901E+02   .1316373E+02   .1312211E+02   .1300361E+02
   .1303240E+02   .1390102E+02   .1462463E+02   .1503845E+02   .1498264E+02
   .1521269E+02   .1534808E+02
   .1174679E+02   .1168430E+02   .1165530E+02   .1197989E+02   .1179584E+02
   .1133067E+02   .1105023E+02   .1134068E+02   .1150736E+02   .1165418E+02
   .1191435E+02   .1272003E+02   .1327049E+02   .1360683E+02   .1360671E+02
   .1377146E+02   .1380226E+02
   .9815004E+01   .9838609E+01   .9943280E+01   .1035208E+02   .1036418E+02
   .9847175E+01   .9443889E+01   .9596211E+01   .9911756E+01   .1019292E+02
   .1053701E+02   .1116560E+02   .1155107E+02   .1179058E+02   .1166761E+02
   .1158176E+02   .1135134E+02
   .7367587E+01   .7560443E+01   .7861429E+01   .8387321E+01   .8562323E+01
   .8156545E+01   .7804852E+01   .7908116E+01   .8308023E+01   .8596704E+01
   .8882853E+01   .9202255E+01   .9352327E+01   .9468982E+01   .9256461E+01
   .9031556E+01   .8715089E+01
   .5194575E+01   .5610406E+01   .6017552E+01   .6573925E+01   .6823037E+01
   .6711208E+01   .6571311E+01   .6699707E+01   .7015291E+01   .7148110E+01
   .7190615E+01   .7254672E+01   .7276587E+01   .7275260E+01   .6922883E+01
   .6581725E+01   .6272858E+01
   .3477925E+01   .3929158E+01   .4400953E+01   .4980688E+01   .5291808E+01
   .5439144E+01   .5480884E+01   .5651342E+01   .5861771E+01   .5854614E+01
   .5700642E+01   .5559338E+01   .5381239E+01   .5127622E+01   .4576076E+01
   .4178983E+01   .4085330E+01
   .2186937E+01   .2574113E+01   .3006593E+01   .3560202E+01   .3905108E+01
   .4243684E+01   .4427251E+01   .4590030E+01   .4648859E+01   .4500518E+01
   .4137123E+01   .3851695E+01   .3532367E+01   .3228358E+01   .2712475E+01
   .2383835E+01   .2429334E+01
   .1296850E+01   .1505389E+01   .1793230E+01   .2177005E+01   .2446119E+01
   .2785897E+01   .3062954E+01   .3296710E+01   .3344425E+01   .3184156E+01
   .2760717E+01   .2429632E+01   .2079193E+01   .1850516E+01   .1521739E+01
   .1300546E+01   .1365283E+01
   .9192364E+00   .9611332E+00   .1140084E+01   .1357478E+01   .1537917E+01
   .1767700E+01   .2031084E+01   .2240323E+01   .2260678E+01   .2130407E+01
   .1783857E+01   .1510275E+01   .1243043E+01   .1152027E+01   .1040065E+01
   .9011409E+00   .8543786E+00
   .8077407E+00   .6949463E+00   .7589316E+00   .8480009E+00   .1030354E+01
   .1223335E+01   .1444424E+01   .1556241E+01   .1531209E+01   .1431331E+01
   .1209655E+01   .1019991E+01   .8432077E+00   .7635238E+00   .6858383E+00
   .5673982E+00   .4955435E+00
   .5591748E+00   .4532647E+00   .5249102E+00   .6201602E+00   .8428417E+00
   .1021869E+01   .1159302E+01   .1141596E+01   .1049438E+01   .9524272E+00
   .8044152E+00   .6607702E+00   .5078564E+00   .4199169E+00   .3554713E+00
   .2740137E+00   .2356245E+00
   .3327311E+00   .2576896E+00   .3317889E+00   .4287033E+00   .6210288E+00
   .7445115E+00   .7928021E+00   .7253144E+00   .6352598E+00   .5697265E+00
   .4628472E+00   .3502603E+00   .2382520E+00   .1802885E+00   .1451666E+00
   .1097725E+00   .1134446E+00
   .1771049E+00   .1593775E+00   .2211406E+00   .2781434E+00   .3730251E+00
   .4113156E+00   .4076684E+00   .3610535E+00   .3091307E+00   .2752626E+00
   .2113667E+00   .1497874E+00   .9663849E-01   .8052035E-01   .6919908E-01
   .6090577E-01   .7123943E-01
   .9020136E-01   .8561920E-01   .1142979E+00   .1347059E+00   .1672032E+00
   .1680134E+00   .1559510E+00   .1325437E+00   .1117244E+00   .1010224E+00
   .7661174E-01   .5593638E-01   .4273521E-01   .3965566E-01   .3583344E-01
   .3354803E-01   .4263629E-01
   .3250812E-01   .3259232E-01   .4429383E-01   .4945704E-01   .5859439E-01
   .5491862E-01   .5120062E-01   .4273883E-01   .3537414E-01   .3117546E-01
   .2358123E-01   .1882018E-01   .1678671E-01   .1697819E-01   .1612679E-01
   .1531330E-01   .1898549E-01
   .9181265E-02   .8187628E-02   .1218164E-01   .1334284E-01   .1571031E-01
   .1337368E-01   .1343536E-01   .1159020E-01   .1037029E-01   .9445779E-02
   .7880973E-02   .7402008E-02   .6342344E-02   .6643371E-02   .6442672E-02
   .6412193E-02   .6982759E-02
   .4352739E-02   .3610584E-02   .5631759E-02   .5981884E-02   .6680366E-02
   .4895117E-02   .5861972E-02   .5633367E-02   .5380395E-02   .4972727E-02
   .4571452E-02   .4959054E-02   .4451861E-02   .4801021E-02   .4829813E-02
   .4609250E-02   .4204679E-02
u_wind_(m/s)                                      
   .1905708E+01   .2560230E+01   .2802200E+01   .2183100E+01   .2180920E+01
   .2459890E+01   .1956296E+01   .1931002E+01   .1905708E+01   .2560230E+01
   .2802200E+01   .2183100E+01   .2180920E+01   .2459890E+01   .1956296E+01
   .1931002E+01   .1905708E+01
   .3699144E+01   .4069510E+01   .3625150E+01   .2638310E+01   .2842090E+01
   .3715530E+01   .3514497E+01   .3606821E+01   .3699144E+01   .4069510E+01
   .3625150E+01   .2638310E+01   .2842090E+01   .3715530E+01   .3514497E+01
   .3606821E+01   .3699144E+01
   .4992565E+01   .4819020E+01   .3781490E+01   .2807760E+01   .3156700E+01
   .4184160E+01   .4472750E+01   .4732657E+01   .4992565E+01   .4819020E+01
   .3781490E+01   .2807760E+01   .3156700E+01   .4184160E+01   .4472750E+01
   .4732657E+01   .4992565E+01
   .5383256E+01   .5145460E+01   .4083220E+01   .3400510E+01   .3593210E+01
   .4098210E+01   .4502618E+01   .4942937E+01   .5383256E+01   .5145460E+01
   .4083220E+01   .3400510E+01   .3593210E+01   .4098210E+01   .4502618E+01
   .4942937E+01   .5383256E+01
   .5075519E+01   .5039190E+01   .4431360E+01   .4122940E+01   .3972940E+01
   .3721830E+01   .3993618E+01   .4534568E+01   .5075519E+01   .5039190E+01
   .4431360E+01   .4122940E+01   .3972940E+01   .3721830E+01   .3993618E+01
   .4534568E+01   .5075519E+01
   .4615329E+01   .4983860E+01   .4901950E+01   .4785820E+01   .4203560E+01
   .3221160E+01   .3304497E+01   .3959913E+01   .4615329E+01   .4983860E+01
   .4901950E+01   .4785820E+01   .4203560E+01   .3221160E+01   .3304497E+01
   .3959913E+01   .4615329E+01
   .4513995E+01   .5328590E+01   .5610350E+01   .5448790E+01   .4440200E+01
   .2938050E+01   .2895930E+01   .3704963E+01   .4513995E+01   .5328590E+01
   .5610350E+01   .5448790E+01   .4440200E+01   .2938050E+01   .2895930E+01
   .3704963E+01   .4513995E+01
   .4529129E+01   .5610950E+01   .6080710E+01   .5851900E+01   .4547000E+01
   .2620660E+01   .2622933E+01   .3576031E+01   .4529129E+01   .5610950E+01
   .6080710E+01   .5851900E+01   .4547000E+01   .2620660E+01   .2622933E+01
   .3576031E+01   .4529129E+01
   .4384799E+01   .5527360E+01   .5997890E+01   .5677610E+01   .4300210E+01
   .2322240E+01   .2423008E+01   .3403903E+01   .4384799E+01   .5527360E+01
   .5997890E+01   .5677610E+01   .4300210E+01   .2322240E+01   .2423008E+01
   .3403903E+01   .4384799E+01
   .4093006E+01   .4991520E+01   .5523930E+01   .5378410E+01   .4248140E+01
   .2375120E+01   .2529382E+01   .3311194E+01   .4093006E+01   .4991520E+01
   .5523930E+01   .5378410E+01   .4248140E+01   .2375120E+01   .2529382E+01
   .3311194E+01   .4093006E+01
   .4005961E+01   .4353960E+01   .4776860E+01   .4956960E+01   .4418160E+01
   .3173170E+01   .3259248E+01   .3632605E+01   .4005961E+01   .4353960E+01
   .4776860E+01   .4956960E+01   .4418160E+01   .3173170E+01   .3259248E+01
   .3632605E+01   .4005961E+01
   .4688269E+01   .4614280E+01   .4983170E+01   .5456760E+01   .5309170E+01
   .4463290E+01   .4473843E+01   .4581056E+01   .4688269E+01   .4614280E+01
   .4983170E+01   .5456760E+01   .5309170E+01   .4463290E+01   .4473843E+01
   .4581056E+01   .4688269E+01
   .6605083E+01   .6415980E+01   .6622370E+01   .7166670E+01   .6983690E+01
   .6163340E+01   .6231275E+01   .6418179E+01   .6605083E+01   .6415980E+01
   .6622370E+01   .7166670E+01   .6983690E+01   .6163340E+01   .6231275E+01
   .6418179E+01   .6605083E+01
   .1022088E+02   .1048810E+02   .1058440E+02   .1067760E+02   .9804550E+01
   .8484120E+01   .8876275E+01   .9548578E+01   .1022088E+02   .1048810E+02
   .1058440E+02   .1067760E+02   .9804550E+01   .8484120E+01   .8876275E+01
   .9548578E+01   .1022088E+02
   .1430630E+02   .1482160E+02   .1448590E+02   .1406970E+02   .1297280E+02
   .1164470E+02   .1222315E+02   .1326472E+02   .1430630E+02   .1482160E+02
   .1448590E+02   .1406970E+02   .1297280E+02   .1164470E+02   .1222315E+02
   .1326472E+02   .1430630E+02
   .1662144E+02   .1703020E+02   .1633770E+02   .1561190E+02   .1484850E+02
   .1411220E+02   .1465178E+02   .1563661E+02   .1662144E+02   .1703020E+02
   .1633770E+02   .1561190E+02   .1484850E+02   .1411220E+02   .1465178E+02
   .1563661E+02   .1662144E+02
   .1403056E+02   .1385530E+02   .1312710E+02   .1279790E+02   .1287430E+02
   .1284670E+02   .1306733E+02   .1354894E+02   .1403056E+02   .1385530E+02
   .1312710E+02   .1279790E+02   .1287430E+02   .1284670E+02   .1306733E+02
   .1354894E+02   .1403056E+02
   .6590120E+01   .6246100E+01   .5969480E+01   .5938820E+01   .6190280E+01
   .6250850E+01   .6340495E+01   .6465307E+01   .6590120E+01   .6246100E+01
   .5969480E+01   .5938820E+01   .6190280E+01   .6250850E+01   .6340495E+01
   .6465307E+01   .6590120E+01
v_wind_(m/s)                                      
   .3303330E+01   .3330100E+01   .3592360E+01   .3963230E+01   .4238290E+01
   .3962570E+01   .3708315E+01   .3505823E+01   .3303330E+01   .3330100E+01
   .3592360E+01   .3963230E+01   .4238290E+01   .3962570E+01   .3708315E+01
   .3505823E+01   .3303330E+01
   .4837144E+01   .4458500E+01   .4860950E+01   .5700470E+01   .6592980E+01
   .7106210E+01   .6533913E+01   .5685528E+01   .4837144E+01   .4458500E+01
   .4860950E+01   .5700470E+01   .6592980E+01   .7106210E+01   .6533913E+01
   .5685528E+01   .4837144E+01
   .4437271E+01   .4097410E+01   .4968670E+01   .5997620E+01   .7005660E+01
   .7405040E+01   .6627257E+01   .5532264E+01   .4437271E+01   .4097410E+01
   .4968670E+01   .5997620E+01   .7005660E+01   .7405040E+01   .6627257E+01
   .5532264E+01   .4437271E+01
   .3052017E+01   .3074220E+01   .4245700E+01   .5276180E+01   .5908590E+01
   .5856900E+01   .5005905E+01   .4028961E+01   .3052017E+01   .3074220E+01
   .4245700E+01   .5276180E+01   .5908590E+01   .5856900E+01   .5005905E+01
   .4028961E+01   .3052017E+01
   .1702639E+01   .2059300E+01   .3279700E+01   .4064310E+01   .4329860E+01
   .4148440E+01   .3361588E+01   .2532113E+01   .1702639E+01   .2059300E+01
   .3279700E+01   .4064310E+01   .4329860E+01   .4148440E+01   .3361588E+01
   .2532113E+01   .1702639E+01
   .7324784E+00   .1280440E+01   .2142480E+01   .2473760E+01   .2559960E+01
   .2848520E+01   .2151290E+01   .1441884E+01   .7324784E+00   .1280440E+01
   .2142480E+01   .2473760E+01   .2559960E+01   .2848520E+01   .2151290E+01
   .1441884E+01   .7324784E+00
   .2292672E+00   .9213050E+00   .1377990E+01   .1259370E+01   .1181220E+01
   .2011470E+01   .1413545E+01   .8214061E+00   .2292672E+00   .9213050E+00
   .1377990E+01   .1259370E+01   .1181220E+01   .2011470E+01   .1413545E+01
   .8214061E+00   .2292672E+00
  -.1118330E+00   .6354910E+00   .8994040E+00   .6224250E+00   .4473520E+00
   .1530180E+01   .9552575E+00   .4217122E+00  -.1118330E+00   .6354910E+00
   .8994040E+00   .6224250E+00   .4473520E+00   .1530180E+01   .9552575E+00
   .4217122E+00  -.1118330E+00
  -.1949458E+00   .5943190E+00   .7056710E+00   .3625670E+00  -.1000490E-01
   .8380670E+00   .4238335E+00   .1144439E+00  -.1949458E+00   .5943190E+00
   .7056710E+00   .3625670E+00  -.1000490E-01   .8380670E+00   .4238335E+00
   .1144439E+00  -.1949458E+00
  -.3281175E+00   .4724090E+00   .5914050E+00   .3514950E+00  -.2298770E+00
   .5794160E-01  -.1904317E+00  -.2592746E+00  -.3281175E+00   .4724090E+00
   .5914050E+00   .3514950E+00  -.2298770E+00   .5794160E-01  -.1904317E+00
  -.2592746E+00  -.3281175E+00
  -.4623863E+00   .1942370E+00   .4775220E+00   .5899140E+00  -.2060350E-01
  -.1884500E+00  -.3819700E+00  -.4221781E+00  -.4623863E+00   .1942370E+00
   .4775220E+00   .5899140E+00  -.2060350E-01  -.1884500E+00  -.3819700E+00
  -.4221781E+00  -.4623863E+00
  -.6772974E+00  -.3914070E+00   .3589180E+00   .1088900E+01   .7365210E+00
   .3815890E+00   .6602325E-01  -.3056371E+00  -.6772974E+00  -.3914070E+00
   .3589180E+00   .1088900E+01   .7365210E+00   .3815890E+00   .6602325E-01
  -.3056371E+00  -.6772974E+00
  -.8473675E+00  -.1277370E+01  -.9910420E-01   .1375970E+01   .1727700E+01
   .1832760E+01   .1227150E+01   .1898912E+00  -.8473675E+00  -.1277370E+01
  -.9910420E-01   .1375970E+01   .1727700E+01   .1832760E+01   .1227150E+01
   .1898912E+00  -.8473675E+00
  -.1453468E+01  -.2361300E+01  -.7853370E+00   .1433650E+01   .2659380E+01
   .3353960E+01   .2150914E+01   .3487228E+00  -.1453468E+01  -.2361300E+01
  -.7853370E+00   .1433650E+01   .2659380E+01   .3353960E+01   .2150914E+01
   .3487228E+00  -.1453468E+01
  -.2321714E+01  -.3340920E+01  -.1421480E+01   .1405010E+01   .3384520E+01
   .4401520E+01   .2470342E+01   .7431436E-01  -.2321714E+01  -.3340920E+01
  -.1421480E+01   .1405010E+01   .3384520E+01   .4401520E+01   .2470342E+01
   .7431436E-01  -.2321714E+01
  -.2086149E+01  -.2915710E+01  -.1203230E+01   .1503120E+01   .3529180E+01
   .4231450E+01   .2201393E+01   .5762196E-01  -.2086149E+01  -.2915710E+01
  -.1203230E+01   .1503120E+01   .3529180E+01   .4231450E+01   .2201393E+01
   .5762196E-01  -.2086149E+01
  -.1259509E+01  -.1667170E+01  -.5528190E+00   .1327590E+01   .2611600E+01
   .2780700E+01   .1341718E+01   .4110467E-01  -.1259509E+01  -.1667170E+01
  -.5528190E+00   .1327590E+01   .2611600E+01   .2780700E+01   .1341718E+01
   .4110467E-01  -.1259509E+01
  -.3797712E-01  -.4681780E-01   .2569450E+00   .1135680E+01   .1539200E+01
   .1495530E+01   .7904106E+00   .3762167E+00  -.3797712E-01  -.4681780E-01
   .2569450E+00   .1135680E+01   .1539200E+01   .1495530E+01   .7904106E+00
   .3762167E+00  -.3797712E-01
omega_(mb/hour)                                   
   .1164798E+00   .1257527E+00   .9254952E-01  -.6974424E-02  -.9616104E-01
  -.5065380E-01   .5122899E-01   .8385438E-01   .1164798E+00   .1257527E+00
   .9254952E-01  -.6974424E-02  -.9616104E-01  -.5065380E-01   .5122899E-01
   .8385438E-01   .1164798E+00
   .2197025E+00   .3708648E+00   .2556677E+00  -.1955038E-01  -.3151296E+00
  -.3930156E-01   .1611803E+00   .1904414E+00   .2197025E+00   .3708648E+00
   .2556677E+00  -.1955038E-01  -.3151296E+00  -.3930156E-01   .1611803E+00
   .1904414E+00   .2197025E+00
  -.8664253E-01   .4861872E+00   .4618944E+00   .1632636E+00  -.2636856E+00
   .2198311E+00   .9687007E-01   .5113769E-02  -.8664253E-01   .4861872E+00
   .4618944E+00   .1632636E+00  -.2636856E+00   .2198311E+00   .9687007E-01
   .5113769E-02  -.8664253E-01
  -.6895024E+00   .3475865E+00   .5745420E+00   .4536612E+00   .1622988E+00
   .6731532E+00  -.1218035E+00  -.4056529E+00  -.6895024E+00   .3475865E+00
   .5745420E+00   .4536612E+00   .1622988E+00   .6731532E+00  -.1218035E+00
  -.4056529E+00  -.6895024E+00
  -.1134353E+01   .1087355E+00   .3990024E+00   .4895352E+00   .5412996E+00
   .1013674E+01  -.3416292E+00  -.7379909E+00  -.1134353E+01   .1087355E+00
   .3990024E+00   .4895352E+00   .5412996E+00   .1013674E+01  -.3416292E+00
  -.7379909E+00  -.1134353E+01
  -.1267645E+01  -.9142128E-01  -.1025582E+00   .3760632E-01   .4494996E+00
   .9348227E+00  -.5996097E+00  -.9336273E+00  -.1267645E+01  -.9142128E-01
  -.1025582E+00   .3760632E-01   .4494996E+00   .9348227E+00  -.5996097E+00
  -.9336273E+00  -.1267645E+01
  -.1137127E+01  -.2643073E+00  -.9257904E+00  -.9463716E+00  -.1985069E+00
   .4905108E+00  -.8325270E+00  -.9848272E+00  -.1137127E+01  -.2643073E+00
  -.9257904E+00  -.9463716E+00  -.1985069E+00   .4905108E+00  -.8325270E+00
  -.9848272E+00  -.1137127E+01
  -.8377348E+00  -.3918996E+00  -.1856225E+01  -.2194495E+01  -.1084327E+01
  -.7850736E-01  -.1024908E+01  -.9313212E+00  -.8377348E+00  -.3918996E+00
  -.1856225E+01  -.2194495E+01  -.1084327E+01  -.7850736E-01  -.1024908E+01
  -.9313212E+00  -.8377348E+00
  -.3089802E+00  -.3234355E+00  -.2616275E+01  -.3398810E+01  -.1924405E+01
  -.6513624E+00  -.1167660E+01  -.7383202E+00  -.3089802E+00  -.3234355E+00
  -.2616275E+01  -.3398810E+01  -.1924405E+01  -.6513624E+00  -.1167660E+01
  -.7383202E+00  -.3089802E+00
   .5626298E+00   .2355271E+00  -.2704036E+01  -.4046940E+01  -.2426684E+01
  -.1082992E+01  -.1161790E+01  -.2995802E+00   .5626298E+00   .2355271E+00
  -.2704036E+01  -.4046940E+01  -.2426684E+01  -.1082992E+01  -.1161790E+01
  -.2995802E+00   .5626298E+00
   .1588862E+01   .1217542E+01  -.1941541E+01  -.3782952E+01  -.2426170E+01
  -.1265602E+01  -.9693648E+00   .3097485E+00   .1588862E+01   .1217542E+01
  -.1941541E+01  -.3782952E+01  -.2426170E+01  -.1265602E+01  -.9693648E+00
   .3097485E+00   .1588862E+01
   .2358595E+01   .2175102E+01  -.6907536E+00  -.2757902E+01  -.2059690E+01
  -.1337191E+01  -.7574319E+00   .8005818E+00   .2358595E+01   .2175102E+01
  -.6907536E+00  -.2757902E+01  -.2059690E+01  -.1337191E+01  -.7574319E+00
   .8005818E+00   .2358595E+01
   .2632304E+01   .2674138E+01   .4395060E+00  -.1581088E+01  -.1673028E+01
  -.1477696E+01  -.6682770E+00   .9820133E+00   .2632304E+01   .2674138E+01
   .4395060E+00  -.1581088E+01  -.1673028E+01  -.1477696E+01  -.6682770E+00
   .9820133E+00   .2632304E+01
   .2360294E+01   .2478593E+01   .1114247E+01  -.5096196E+00  -.1150009E+01
  -.1506280E+01  -.6284484E+00   .8659228E+00   .2360294E+01   .2478593E+01
   .1114247E+01  -.5096196E+00  -.1150009E+01  -.1506280E+01  -.6284484E+00
   .8659228E+00   .2360294E+01
   .1539552E+01   .1680494E+01   .1259665E+01   .3347816E+00  -.3537850E+00
  -.1053576E+01  -.4916808E+00   .5239358E+00   .1539552E+01   .1680494E+01
   .1259665E+01   .3347816E+00  -.3537850E+00  -.1053576E+01  -.4916808E+00
   .5239358E+00   .1539552E+01
   .5660348E+00   .6910560E+00   .7925328E+00   .5331456E+00   .1996978E+00
  -.3762036E+00  -.2820555E+00   .1419896E+00   .5660348E+00   .6910560E+00
   .7925328E+00   .5331456E+00   .1996978E+00  -.3762036E+00  -.2820555E+00
   .1419896E+00   .5660348E+00
   .3631248E-01   .9809316E-01   .2409145E+00   .2774290E+00   .2299763E+00
  -.9856763E-02  -.9746224E-01  -.3057488E-01   .3631248E-01   .9809316E-01
   .2409145E+00   .2774290E+00   .2299763E+00  -.9856763E-02  -.9746224E-01
  -.3057488E-01   .3631248E-01
  -.3751596E-04  -.8245692E-04   .4125456E-05   .4252500E-04   .1020236E-04
  -.9377244E-05   .8544806E-05  -.1448558E-04  -.3751596E-04  -.8245692E-04
   .4125456E-05   .4252500E-04   .1020236E-04  -.9377244E-05   .8544806E-05
  -.1448558E-04  -.3751596E-04
Wind_Div_(1/s)                                    
   .2137569E-05   .2239350E-05   .1689450E-05  -.1327320E-06  -.1887420E-05
  -.9979620E-06   .9940911E-06   .1565830E-05   .2137569E-05   .2239350E-05
   .1689450E-05  -.1327320E-06  -.1887420E-05  -.9979620E-06   .9940911E-06
   .1565830E-05   .2137569E-05
  -.1472975E-06   .1326230E-05   .7840960E-06  -.6223900E-07  -.1364530E-05
   .6889500E-06   .6524650E-06   .2525838E-06  -.1472975E-06   .1326230E-05
   .7840960E-06  -.6223900E-07  -.1364530E-05   .6889500E-06   .6524650E-06
   .2525838E-06  -.1472975E-06
  -.3256525E-05  -.4488450E-07   .1507300E-05   .2093500E-05   .1936130E-05
   .2190300E-05  -.1367017E-05  -.2311771E-05  -.3256525E-05  -.4488450E-07
   .1507300E-05   .2093500E-05   .1936130E-05   .2190300E-05  -.1367017E-05
  -.2311771E-05  -.3256525E-05
  -.3441934E-05  -.1495130E-05  -.2556640E-06   .1133150E-05   .2797020E-05
   .2846610E-05  -.1062697E-05  -.2252316E-05  -.3441934E-05  -.1495130E-05
  -.2556640E-06   .1133150E-05   .2797020E-05   .2846610E-05  -.1062697E-05
  -.2252316E-05  -.3441934E-05
  -.1500845E-05  -.1158770E-05  -.1694780E-05  -.7345640E-06   .1414080E-05
   .9369700E-06  -.1379799E-05  -.1440322E-05  -.1500845E-05  -.1158770E-05
  -.1694780E-05  -.7345640E-06   .1414080E-05   .9369700E-06  -.1379799E-05
  -.1440322E-05  -.1500845E-05
   .1981130E-07  -.1065190E-05  -.3878100E-05  -.4286860E-05  -.2434070E-05
  -.1813120E-05  -.1486672E-05  -.7334306E-06   .1981130E-07  -.1065190E-05
  -.3878100E-05  -.4286860E-05  -.2434070E-05  -.1813120E-05  -.1486672E-05
  -.7334306E-06   .1981130E-07
   .1430383E-05  -.8557680E-06  -.5268940E-05  -.6646210E-05  -.4765990E-05
  -.3123660E-05  -.1101290E-05   .1645465E-06   .1430383E-05  -.8557680E-06
  -.5268940E-05  -.6646210E-05  -.4765990E-05  -.3123660E-05  -.1101290E-05
   .1645465E-06   .1430383E-05
   .1896218E-05  -.5619230E-06  -.5069220E-05  -.7221840E-05  -.5076450E-05
  -.3198780E-05  -.1036273E-05   .4299727E-06   .1896218E-05  -.5619230E-06
  -.5069220E-05  -.7221840E-05  -.5076450E-05  -.3198780E-05  -.1036273E-05
   .4299727E-06   .1896218E-05
   .3978830E-05   .1322630E-05  -.3375800E-05  -.6159440E-05  -.4257780E-05
  -.3166300E-05  -.5498852E-06   .1714473E-05   .3978830E-05   .1322630E-05
  -.3375800E-05  -.6159440E-05  -.4257780E-05  -.3166300E-05  -.5498852E-06
   .1714473E-05   .3978830E-05
   .5705723E-05   .4888060E-05   .2400680E-05  -.1041940E-05  -.1323070E-05
  -.1629560E-05   .6151168E-06   .3160420E-05   .5705723E-05   .4888060E-05
   .2400680E-05  -.1041940E-05  -.1323070E-05  -.1629560E-05   .6151168E-06
   .3160420E-05   .5705723E-05
   .5696841E-05   .6023200E-05   .6071500E-05   .3975260E-05   .1328760E-05
  -.3994510E-06   .1522937E-05   .3609889E-05   .5696841E-05   .6023200E-05
   .6071500E-05   .3975260E-05   .1328760E-05  -.3994510E-06   .1522937E-05
   .3609889E-05   .5696841E-05
   .2855694E-05   .4616360E-05   .7826160E-05   .7413980E-05   .2743270E-05
  -.3960120E-06   .8318723E-06   .1843783E-05   .2855694E-05   .4616360E-05
   .7826160E-05   .7413980E-05   .2743270E-05  -.3960120E-06   .8318723E-06
   .1843783E-05   .2855694E-05
   .1855026E-06   .9285060E-06   .4732260E-05   .5661730E-05   .1552960E-05
  -.1165130E-05   .1587312E-06   .1721169E-06   .1855026E-06   .9285060E-06
   .4732260E-05   .5661730E-05   .1552960E-05  -.1165130E-05   .1587312E-06
   .1721169E-06   .1855026E-06
  -.3207749E-05  -.3101220E-05   .2764870E-05   .6243500E-05   .4258350E-05
   .8475170E-06   .2838110E-06  -.1461969E-05  -.3207749E-05  -.3101220E-05
   .2764870E-05   .6243500E-05   .4258350E-05   .8475170E-06   .2838110E-06
  -.1461969E-05  -.3207749E-05
  -.5911598E-05  -.5766540E-05  -.1149120E-05   .3138730E-05   .4588580E-05
   .4182550E-05   .1235840E-05  -.2337879E-05  -.5911598E-05  -.5766540E-05
  -.1149120E-05   .3138730E-05   .4588580E-05   .4182550E-05   .1235840E-05
  -.2337879E-05  -.5911598E-05
  -.4905264E-05  -.5227230E-05  -.4041260E-05  -.9346800E-06   .1561230E-05
   .3343800E-05   .1093327E-05  -.1905968E-05  -.4905264E-05  -.5227230E-05
  -.4041260E-05  -.9346800E-06   .1561230E-05   .3343800E-05   .1093327E-05
  -.1905968E-05  -.4905264E-05
  -.9805426E-06  -.1361250E-05  -.2087820E-05  -.1906620E-05  -.1224800E-05
   .7267190E-06   .9577095E-06  -.1141655E-07  -.9805426E-06  -.1361250E-05
  -.2087820E-05  -.1906620E-05  -.1224800E-05   .7267190E-06   .9577095E-06
  -.1141655E-07  -.9805426E-06
   .5766535E-06   .2704060E-06  -.5889660E-06  -.1175450E-05  -.1330380E-05
  -.6173040E-06   .1253000E-06   .3509767E-06   .5766535E-06   .2704060E-06
  -.5889660E-06  -.1175450E-05  -.1330380E-05  -.6173040E-06   .1253000E-06
   .3509767E-06   .5766535E-06
Horizontal_Temp_Advec_(K/hour)                    
   .0000000E+00   .0000000E+00   .0000000E+00   .0000000E+00   .0000000E+00
   .0000000E+00   .0000000E+00   .0000000E+00   .0000000E+00   .0000000E+00
   .0000000E+00   .0000000E+00   .0000000E+00   .0000000E+00   .0000000E+00
   .0000000E+00   .0000000E+00
   .0000000E+00   .0000000E+00   .0000000E+00   .0000000E+00   .0000000E+00
   .0000000E+00   .0000000E+00   .0000000E+00   .0000000E+00   .0000000E+00
   .0000000E+00   .0000000E+00   .0000000E+00   .0000000E+00   .0000000E+00
   .0000000E+00   .0000000E+00
   .0000000E+00   .0000000E+00   .0000000E+00   .0000000E+00   .0000000E+00
   .0000000E+00   .0000000E+00   .0000000E+00   .0000000E+00   .0000000E+00
   .0000000E+00   .0000000E+00   .0000000E+00   .0000000E+00   .0000000E+00
   .0000000E+00   .0000000E+00
   .0000000E+00   .0000000E+00   .0000000E+00   .0000000E+00   .0000000E+00
   .0000000E+00   .0000000E+00   .0000000E+00   .0000000E+00   .0000000E+00
   .0000000E+00   .0000000E+00   .0000000E+00   .0000000E+00   .0000000E+00
   .0000000E+00   .0000000E+00
   .0000000E+00   .0000000E+00   .0000000E+00   .0000000E+00   .0000000E+00
   .0000000E+00   .0000000E+00   .0000000E+00   .0000000E+00   .0000000E+00
   .0000000E+00   .0000000E+00   .0000000E+00   .0000000E+00   .0000000E+00
   .0000000E+00   .0000000E+00
   .0000000E+00   .0000000E+00   .0000000E+00   .0000000E+00   .0000000E+00
   .0000000E+00   .0000000E+00   .0000000E+00   .0000000E+00   .0000000E+00
   .0000000E+00   .0000000E+00   .0000000E+00   .0000000E+00   .0000000E+00
   .0000000E+00   .0000000E+00
   .0000000E+00   .0000000E+00   .0000000E+00   .0000000E+00   .0000000E+00
   .0000000E+00   .0000000E+00   .0000000E+00   .0000000E+00   .0000000E+00
   .0000000E+00   .0000000E+00   .0000000E+00   .0000000E+00   .0000000E+00
   .0000000E+00   .0000000E+00
   .0000000E+00   .0000000E+00   .0000000E+00   .0000000E+00   .0000000E+00
   .0000000E+00   .0000000E+00   .0000000E+00   .0000000E+00   .0000000E+00
   .0000000E+00   .0000000E+00   .0000000E+00   .0000000E+00   .0000000E+00
   .0000000E+00   .0000000E+00
   .0000000E+00   .0000000E+00   .0000000E+00   .0000000E+00   .0000000E+00
   .0000000E+00   .0000000E+00   .0000000E+00   .0000000E+00   .0000000E+00
   .0000000E+00   .0000000E+00   .0000000E+00   .0000000E+00   .0000000E+00
   .0000000E+00   .0000000E+00
   .0000000E+00   .0000000E+00   .0000000E+00   .0000000E+00   .0000000E+00
   .0000000E+00   .0000000E+00   .0000000E+00   .0000000E+00   .0000000E+00
   .0000000E+00   .0000000E+00   .0000000E+00   .0000000E+00   .0000000E+00
   .0000000E+00   .0000000E+00
   .0000000E+00   .0000000E+00   .0000000E+00   .0000000E+00   .0000000E+00
   .0000000E+00   .0000000E+00   .0000000E+00   .0000000E+00   .0000000E+00
   .0000000E+00   .0000000E+00   .0000000E+00   .0000000E+00   .0000000E+00
   .0000000E+00   .0000000E+00
   .0000000E+00   .0000000E+00   .0000000E+00   .0000000E+00   .0000000E+00
   .0000000E+00   .0000000E+00   .0000000E+00   .0000000E+00   .0000000E+00
   .0000000E+00   .0000000E+00   .0000000E+00   .0000000E+00   .0000000E+00
   .0000000E+00   .0000000E+00
   .0000000E+00   .0000000E+00   .0000000E+00   .0000000E+00   .0000000E+00
   .0000000E+00   .0000000E+00   .0000000E+00   .0000000E+00   .0000000E+00
   .0000000E+00   .0000000E+00   .0000000E+00   .0000000E+00   .0000000E+00
   .0000000E+00   .0000000E+00
   .0000000E+00   .0000000E+00   .0000000E+00   .0000000E+00   .0000000E+00
   .0000000E+00   .0000000E+00   .0000000E+00   .0000000E+00   .0000000E+00
   .0000000E+00   .0000000E+00   .0000000E+00   .0000000E+00   .0000000E+00
   .0000000E+00   .0000000E+00
   .0000000E+00   .0000000E+00   .0000000E+00   .0000000E+00   .0000000E+00
   .0000000E+00   .0000000E+00   .0000000E+00   .0000000E+00   .0000000E+00
   .0000000E+00   .0000000E+00   .0000000E+00   .0000000E+00   .0000000E+00
   .0000000E+00   .0000000E+00
   .0000000E+00   .0000000E+00   .0000000E+00   .0000000E+00   .0000000E+00
   .0000000E+00   .0000000E+00   .0000000E+00   .0000000E+00   .0000000E+00
   .0000000E+00   .0000000E+00   .0000000E+00   .0000000E+00   .0000000E+00
   .0000000E+00   .0000000E+00
   .0000000E+00   .0000000E+00   .0000000E+00   .0000000E+00   .0000000E+00
   .0000000E+00   .0000000E+00   .0000000E+00   .0000000E+00   .0000000E+00
   .0000000E+00   .0000000E+00   .0000000E+00   .0000000E+00   .0000000E+00
   .0000000E+00   .0000000E+00
   .0000000E+00   .0000000E+00   .0000000E+00   .0000000E+00   .0000000E+00
   .0000000E+00   .0000000E+00   .0000000E+00   .0000000E+00   .0000000E+00
   .0000000E+00   .0000000E+00   .0000000E+00   .0000000E+00   .0000000E+00
   .0000000E+00   .0000000E+00
Vertical_T_Advec(K/hour)                          
  -.6175623E-02  -.1081789E-01  -.1011485E-01   .8829036E-03   .1070075E-01
   .2953678E-02   .6047146E-03  -.2785454E-02  -.6175623E-02  -.1081789E-01
  -.1011485E-01   .8829036E-03   .1070075E-01   .2953678E-02   .6047146E-03
  -.2785454E-02  -.6175623E-02
  -.9811854E-02  -.2238260E-01  -.1925212E-01   .1631912E-02   .2363026E-01
   .9168768E-03  -.5209617E-02  -.7510736E-02  -.9811854E-02  -.2238260E-01
  -.1925212E-01   .1631912E-02   .2363026E-01   .9168768E-03  -.5209617E-02
  -.7510736E-02  -.9811854E-02
   .5398091E-02  -.3265502E-01  -.3662568E-01  -.1370545E-01   .2122132E-01
  -.1666091E-01  -.6894775E-02  -.7483419E-03   .5398091E-02  -.3265502E-01
  -.3662568E-01  -.1370545E-01   .2122132E-01  -.1666091E-01  -.6894775E-02
  -.7483419E-03   .5398091E-02
   .4435179E-01  -.2450322E-01  -.4428576E-01  -.3689856E-01  -.1275264E-01
  -.5179896E-01   .3154352E-02   .2375307E-01   .4435179E-01  -.2450322E-01
  -.4428576E-01  -.3689856E-01  -.1275264E-01  -.5179896E-01   .3154352E-02
   .2375307E-01   .4435179E-01
   .8029320E-01  -.7650468E-02  -.3033925E-01  -.3881340E-01  -.4302936E-01
  -.8001108E-01   .2094390E-01   .5061855E-01   .8029320E-01  -.7650468E-02
  -.3033925E-01  -.3881340E-01  -.4302936E-01  -.8001108E-01   .2094390E-01
   .5061855E-01   .8029320E-01
   .9976853E-01   .7635168E-02   .9110699E-02  -.2303766E-02  -.3627000E-01
  -.7694388E-01   .4637330E-01   .7307092E-01   .9976853E-01   .7635168E-02
   .9110699E-02  -.2303766E-02  -.3627000E-01  -.7694388E-01   .4637330E-01
   .7307092E-01   .9976853E-01
   .9512001E-01   .2252412E-01   .7885692E-01   .8120592E-01   .1731910E-01
  -.4187412E-01   .6890707E-01   .8201354E-01   .9512001E-01   .2252412E-01
   .7885692E-01   .8120592E-01   .1731910E-01  -.4187412E-01   .6890707E-01
   .8201354E-01   .9512001E-01
   .6950094E-01   .3263871E-01   .1553440E+00   .1866362E+00   .9165240E-01
   .6202800E-02   .8415243E-01   .7682668E-01   .6950094E-01   .3263871E-01
   .1553440E+00   .1866362E+00   .9165240E-01   .6202800E-02   .8415243E-01
   .7682668E-01   .6950094E-01
   .2525432E-01   .2631319E-01   .2159852E+00   .2884403E+00   .1647457E+00
   .5607504E-01   .9765232E-01   .6145332E-01   .2525432E-01   .2631319E-01
   .2159852E+00   .2884403E+00   .1647457E+00   .5607504E-01   .9765232E-01
   .6145332E-01   .2525432E-01
  -.5385892E-01  -.2375600E-01   .2367741E+00   .3604464E+00   .2199326E+00
   .9968112E-01   .1057717E+00   .2595638E-01  -.5385892E-01  -.2375600E-01
   .2367741E+00   .3604464E+00   .2199326E+00   .9968112E-01   .1057717E+00
   .2595638E-01  -.5385892E-01
  -.1741107E+00  -.1326557E+00   .1936778E+00   .3800160E+00   .2484695E+00
   .1333152E+00   .1015731E+00  -.3626878E-01  -.1741107E+00  -.1326557E+00
   .1936778E+00   .3800160E+00   .2484695E+00   .1333152E+00   .1015731E+00
  -.3626878E-01  -.1741107E+00
  -.2978666E+00  -.2758295E+00   .7678332E-01   .3292672E+00   .2512087E+00
   .1683414E+00   .9667071E-01  -.1005979E+00  -.2978666E+00  -.2758295E+00
   .7678332E-01   .3292672E+00   .2512087E+00   .1683414E+00   .9667071E-01
  -.1005979E+00  -.2978666E+00
  -.3867047E+00  -.3980340E+00  -.7216488E-01   .2294316E+00   .2480850E+00
   .2223846E+00   .1026300E+00  -.1420373E+00  -.3867047E+00  -.3980340E+00
  -.7216488E-01   .2294316E+00   .2480850E+00   .2223846E+00   .1026300E+00
  -.1420373E+00  -.3867047E+00
  -.3910682E+00  -.4192056E+00  -.1963634E+00   .8345412E-01   .1967555E+00
   .2590506E+00   .1107545E+00  -.1401569E+00  -.3910682E+00  -.4192056E+00
  -.1963634E+00   .8345412E-01   .1967555E+00   .2590506E+00   .1107545E+00
  -.1401569E+00  -.3910682E+00
  -.2660335E+00  -.2945012E+00  -.2232212E+00  -.5698476E-01   .6633468E-01
   .1854979E+00   .8568424E-01  -.9017462E-01  -.2660335E+00  -.2945012E+00
  -.2232212E+00  -.5698476E-01   .6633468E-01   .1854979E+00   .8568424E-01
  -.9017462E-01  -.2660335E+00
  -.9659822E-01  -.1167606E+00  -.1343866E+00  -.8992260E-01  -.3359268E-01
   .6120540E-01   .4431465E-01  -.2614179E-01  -.9659822E-01  -.1167606E+00
  -.1343866E+00  -.8992260E-01  -.3359268E-01   .6120540E-01   .4431465E-01
  -.2614179E-01  -.9659822E-01
  -.8844345E-02  -.1778630E-01  -.3830292E-01  -.4169340E-01  -.3306168E-01
   .4199652E-02   .1569928E-01   .3427466E-02  -.8844345E-02  -.1778630E-01
  -.3830292E-01  -.4169340E-01  -.3306168E-01   .4199652E-02   .1569928E-01
   .3427466E-02  -.8844345E-02
   .4199433E-02   .1924524E-02  -.4032432E-02  -.7785828E-02  -.8839548E-02
  -.4130280E-02   .1020720E-02   .2610077E-02   .4199433E-02   .1924524E-02
  -.4032432E-02  -.7785828E-02  -.8839548E-02  -.4130280E-02   .1020720E-02
   .2610077E-02   .4199433E-02
Horizontal_r_Advec_(g/kg/hour)                    
   .0000000E+00   .0000000E+00   .0000000E+00   .0000000E+00   .0000000E+00
   .0000000E+00   .0000000E+00   .0000000E+00   .0000000E+00   .0000000E+00
   .0000000E+00   .0000000E+00   .0000000E+00   .0000000E+00   .0000000E+00
   .0000000E+00   .0000000E+00
   .0000000E+00   .0000000E+00   .0000000E+00   .0000000E+00   .0000000E+00
   .0000000E+00   .0000000E+00   .0000000E+00   .0000000E+00   .0000000E+00
   .0000000E+00   .0000000E+00   .0000000E+00   .0000000E+00   .0000000E+00
   .0000000E+00   .0000000E+00
   .0000000E+00   .0000000E+00   .0000000E+00   .0000000E+00   .0000000E+00
   .0000000E+00   .0000000E+00   .0000000E+00   .0000000E+00   .0000000E+00
   .0000000E+00   .0000000E+00   .0000000E+00   .0000000E+00   .0000000E+00
   .0000000E+00   .0000000E+00
   .0000000E+00   .0000000E+00   .0000000E+00   .0000000E+00   .0000000E+00
   .0000000E+00   .0000000E+00   .0000000E+00   .0000000E+00   .0000000E+00
   .0000000E+00   .0000000E+00   .0000000E+00   .0000000E+00   .0000000E+00
   .0000000E+00   .0000000E+00
   .0000000E+00   .0000000E+00   .0000000E+00   .0000000E+00   .0000000E+00
   .0000000E+00   .0000000E+00   .0000000E+00   .0000000E+00   .0000000E+00
   .0000000E+00   .0000000E+00   .0000000E+00   .0000000E+00   .0000000E+00
   .0000000E+00   .0000000E+00
   .0000000E+00   .0000000E+00   .0000000E+00   .0000000E+00   .0000000E+00
   .0000000E+00   .0000000E+00   .0000000E+00   .0000000E+00   .0000000E+00
   .0000000E+00   .0000000E+00   .0000000E+00   .0000000E+00   .0000000E+00
   .0000000E+00   .0000000E+00
   .0000000E+00   .0000000E+00   .0000000E+00   .0000000E+00   .0000000E+00
   .0000000E+00   .0000000E+00   .0000000E+00   .0000000E+00   .0000000E+00
   .0000000E+00   .0000000E+00   .0000000E+00   .0000000E+00   .0000000E+00
   .0000000E+00   .0000000E+00
   .0000000E+00   .0000000E+00   .0000000E+00   .0000000E+00   .0000000E+00
   .0000000E+00   .0000000E+00   .0000000E+00   .0000000E+00   .0000000E+00
   .0000000E+00   .0000000E+00   .0000000E+00   .0000000E+00   .0000000E+00
   .0000000E+00   .0000000E+00
   .0000000E+00   .0000000E+00   .0000000E+00   .0000000E+00   .0000000E+00
   .0000000E+00   .0000000E+00   .0000000E+00   .0000000E+00   .0000000E+00
   .0000000E+00   .0000000E+00   .0000000E+00   .0000000E+00   .0000000E+00
   .0000000E+00   .0000000E+00
   .0000000E+00   .0000000E+00   .0000000E+00   .0000000E+00   .0000000E+00
   .0000000E+00   .0000000E+00   .0000000E+00   .0000000E+00   .0000000E+00
   .0000000E+00   .0000000E+00   .0000000E+00   .0000000E+00   .0000000E+00
   .0000000E+00   .0000000E+00
   .0000000E+00   .0000000E+00   .0000000E+00   .0000000E+00   .0000000E+00
   .0000000E+00   .0000000E+00   .0000000E+00   .0000000E+00   .0000000E+00
   .0000000E+00   .0000000E+00   .0000000E+00   .0000000E+00   .0000000E+00
   .0000000E+00   .0000000E+00
   .0000000E+00   .0000000E+00   .0000000E+00   .0000000E+00   .0000000E+00
   .0000000E+00   .0000000E+00   .0000000E+00   .0000000E+00   .0000000E+00
   .0000000E+00   .0000000E+00   .0000000E+00   .0000000E+00   .0000000E+00
   .0000000E+00   .0000000E+00
   .0000000E+00   .0000000E+00   .0000000E+00   .0000000E+00   .0000000E+00
   .0000000E+00   .0000000E+00   .0000000E+00   .0000000E+00   .0000000E+00
   .0000000E+00   .0000000E+00   .0000000E+00   .0000000E+00   .0000000E+00
   .0000000E+00   .0000000E+00
   .0000000E+00   .0000000E+00   .0000000E+00   .0000000E+00   .0000000E+00
   .0000000E+00   .0000000E+00   .0000000E+00   .0000000E+00   .0000000E+00
   .0000000E+00   .0000000E+00   .0000000E+00   .0000000E+00   .0000000E+00
   .0000000E+00   .0000000E+00
   .0000000E+00   .0000000E+00   .0000000E+00   .0000000E+00   .0000000E+00
   .0000000E+00   .0000000E+00   .0000000E+00   .0000000E+00   .0000000E+00
   .0000000E+00   .0000000E+00   .0000000E+00   .0000000E+00   .0000000E+00
   .0000000E+00   .0000000E+00
   .0000000E+00   .0000000E+00   .0000000E+00   .0000000E+00   .0000000E+00
   .0000000E+00   .0000000E+00   .0000000E+00   .0000000E+00   .0000000E+00
   .0000000E+00   .0000000E+00   .0000000E+00   .0000000E+00   .0000000E+00
   .0000000E+00   .0000000E+00
   .0000000E+00   .0000000E+00   .0000000E+00   .0000000E+00   .0000000E+00
   .0000000E+00   .0000000E+00   .0000000E+00   .0000000E+00   .0000000E+00
   .0000000E+00   .0000000E+00   .0000000E+00   .0000000E+00   .0000000E+00
   .0000000E+00   .0000000E+00
   .0000000E+00   .0000000E+00   .0000000E+00   .0000000E+00   .0000000E+00
   .0000000E+00   .0000000E+00   .0000000E+00   .0000000E+00   .0000000E+00
   .0000000E+00   .0000000E+00   .0000000E+00   .0000000E+00   .0000000E+00
   .0000000E+00   .0000000E+00
Vertical_r_Advec(g/kg/hour)                       
  -.4853580E-02  -.6576781E-02  -.5302086E-02   .3562760E-03   .4679055E-02
   .2689839E-02  -.1397322E-02  -.3125451E-02  -.4853580E-02  -.6576781E-02
  -.5302086E-02   .3562760E-03   .4679055E-02   .2689839E-02  -.1397322E-02
  -.3125451E-02  -.4853580E-02
  -.6925146E-02  -.1241909E-01  -.8111412E-02   .5023562E-03   .7251072E-02
   .1196060E-02  -.5344835E-02  -.6134990E-02  -.6925146E-02  -.1241909E-01
  -.8111412E-02   .5023562E-03   .7251072E-02   .1196060E-02  -.5344835E-02
  -.6134990E-02  -.6925146E-02
   .4036260E-02  -.1721448E-01  -.1511455E-01  -.5430345E-02   .5882715E-02
  -.6506513E-02  -.1969173E-02   .1033543E-02   .4036260E-02  -.1721448E-01
  -.1511455E-01  -.5430345E-02   .5882715E-02  -.6506513E-02  -.1969173E-02
   .1033543E-02   .4036260E-02
   .3266473E-01  -.1375201E-01  -.2171241E-01  -.1664180E-01  -.6179682E-02
  -.2189741E-01   .1163639E-01   .2215056E-01   .3266473E-01  -.1375201E-01
  -.2171241E-01  -.1664180E-01  -.6179682E-02  -.2189741E-01   .1163639E-01
   .2215056E-01   .3266473E-01
   .5042740E-01  -.4939774E-02  -.1602656E-01  -.1859537E-01  -.1908858E-01
  -.3158133E-01   .1954252E-01   .3498496E-01   .5042740E-01  -.4939774E-02
  -.1602656E-01  -.1859537E-01  -.1908858E-01  -.3158133E-01   .1954252E-01
   .3498496E-01   .5042740E-01
   .4515352E-01   .3062054E-02   .2755866E-02  -.2130461E-02  -.1515682E-01
  -.2568542E-01   .2012707E-01   .3264030E-01   .4515352E-01   .3062054E-02
   .2755866E-02  -.2130461E-02  -.1515682E-01  -.2568542E-01   .2012707E-01
   .3264030E-01   .4515352E-01
   .3137238E-01   .7773884E-02   .2682124E-01   .2748787E-01   .5172451E-02
  -.1231896E-01   .1960422E-01   .2548830E-01   .3137238E-01   .7773884E-02
   .2682124E-01   .2748787E-01   .5172451E-02  -.1231896E-01   .1960422E-01
   .2548830E-01   .3137238E-01
   .1963094E-01   .9353927E-02   .4757922E-01   .6128450E-01   .3118685E-01
   .2838323E-02   .2396598E-01   .2179846E-01   .1963094E-01   .9353927E-02
   .4757922E-01   .6128450E-01   .3118685E-01   .2838323E-02   .2396598E-01
   .2179846E-01   .1963094E-01
   .1066790E-01   .5841256E-02   .4713089E-01   .7174174E-01   .4344378E-01
   .1487511E-01   .2785401E-01   .1926096E-01   .1066790E-01   .5841256E-02
   .4713089E-01   .7174174E-01   .4344378E-01   .1487511E-01   .2785401E-01
   .1926096E-01   .1066790E-01
   .4111674E-02  -.6855073E-03   .2855549E-01   .5349322E-01   .3387900E-01
   .1622749E-01   .2283623E-01   .1347395E-01   .4111674E-02  -.6855073E-03
   .2855549E-01   .5349322E-01   .3387900E-01   .1622749E-01   .2283623E-01
   .1347395E-01   .4111674E-02
  -.3577846E-02  -.6050655E-02   .1274791E-01   .2889988E-01   .1724647E-01
   .9315955E-02   .1181084E-01   .4116496E-02  -.3577846E-02  -.6050655E-02
   .1274791E-01   .2889988E-01   .1724647E-01   .9315955E-02   .1181084E-01
   .4116496E-02  -.3577846E-02
  -.9936138E-02  -.9319227E-02   .3238578E-02   .1180659E-01   .8346087E-02
   .6429833E-02   .5618161E-02  -.2158989E-02  -.9936138E-02  -.9319227E-02
   .3238578E-02   .1180659E-01   .8346087E-02   .6429833E-02   .5618161E-02
  -.2158989E-02  -.9936138E-02
  -.8644546E-02  -.7777705E-02  -.9838303E-03   .5616004E-02   .7823522E-02
   .9080701E-02   .5929520E-02  -.1357513E-02  -.8644546E-02  -.7777705E-02
  -.9838303E-03   .5616004E-02   .7823522E-02   .9080701E-02   .5929520E-02
  -.1357513E-02  -.8644546E-02
  -.4859508E-02  -.4333448E-02  -.2413921E-02   .1538279E-02   .5380706E-02
   .8752278E-02   .5256851E-02   .1986716E-03  -.4859508E-02  -.4333448E-02
  -.2413921E-02   .1538279E-02   .5380706E-02   .8752278E-02   .5256851E-02
   .1986716E-03  -.4859508E-02
  -.2010681E-02  -.2238222E-02  -.2265771E-02  -.6012234E-03   .1513872E-02
   .4245042E-02   .2619362E-02   .3043406E-03  -.2010681E-02  -.2238222E-02
  -.2265771E-02  -.6012234E-03   .1513872E-02   .4245042E-02   .2619362E-02
   .3043406E-03  -.2010681E-02
  -.5465496E-03  -.6697499E-03  -.9471227E-03  -.6883750E-03  -.2101769E-03
   .7970833E-03   .5583965E-03   .5923444E-05  -.5465496E-03  -.6697499E-03
  -.9471227E-03  -.6883750E-03  -.2101769E-03   .7970833E-03   .5583965E-03
   .5923444E-05  -.5465496E-03
  -.1897094E-04  -.5272047E-04  -.1411746E-03  -.1699531E-03  -.1567073E-03
   .2655762E-04   .6560173E-04   .2331539E-04  -.1897094E-04  -.5272047E-04
  -.1411746E-03  -.1699531E-03  -.1567073E-03   .2655762E-04   .6560173E-04
   .2331539E-04  -.1897094E-04
   .5335066E-05   .2235342E-05  -.6944334E-05  -.1558068E-04  -.2162569E-04
  -.9419331E-05  -.2388156E-06   .2548125E-05   .5335066E-05   .2235342E-05
  -.6944334E-05  -.1558068E-04  -.2162569E-04  -.9419331E-05  -.2388156E-06
   .2548125E-05   .5335066E-05
s(Dry_Static_Energy)(K)                           
   .3009150E+03   .3029010E+03   .3052200E+03   .3067270E+03   .3058190E+03
   .3035290E+03   .3019140E+03   .3002120E+03   .3006130E+03   .3019350E+03
   .3042960E+03   .3048210E+03   .3040230E+03   .3022800E+03   .3009320E+03
   .2997670E+03   .2999410E+03
   .3034120E+03   .3047690E+03   .3064770E+03   .3076360E+03   .3072640E+03
   .3064540E+03   .3055120E+03   .3046730E+03   .3042340E+03   .3046470E+03
   .3055030E+03   .3062620E+03   .3059180E+03   .3052030E+03   .3040760E+03
   .3033400E+03   .3034300E+03
   .3056250E+03   .3063350E+03   .3072380E+03   .3079900E+03   .3080430E+03
   .3079390E+03   .3075950E+03   .3070010E+03   .3064020E+03   .3063470E+03
   .3065940E+03   .3070200E+03   .3070130E+03   .3070550E+03   .3067770E+03
   .3065200E+03   .3065310E+03
   .3073730E+03   .3077800E+03   .3082890E+03   .3087760E+03   .3089670E+03
   .3091250E+03   .3089590E+03   .3084290E+03   .3078650E+03   .3076960E+03
   .3077620E+03   .3080780E+03   .3082570E+03   .3086100E+03   .3086260E+03
   .3086240E+03   .3088080E+03
   .3092700E+03   .3094890E+03   .3097530E+03   .3100410E+03   .3102490E+03
   .3105080E+03   .3103690E+03   .3098120E+03   .3092620E+03   .3091010E+03
   .3092140E+03   .3095700E+03   .3098740E+03   .3102740E+03   .3103590E+03
   .3104570E+03   .3106540E+03
   .3110800E+03   .3111680E+03   .3113670E+03   .3115970E+03   .3117810E+03
   .3120070E+03   .3117890E+03   .3112170E+03   .3107310E+03   .3106670E+03
   .3109370E+03   .3113630E+03   .3117340E+03   .3120890E+03   .3121690E+03
   .3123220E+03   .3125330E+03
   .3127410E+03   .3128070E+03   .3130380E+03   .3132710E+03   .3134220E+03
   .3135820E+03   .3133260E+03   .3128600E+03   .3125290E+03   .3125820E+03
   .3129600E+03   .3134020E+03   .3138280E+03   .3141880E+03   .3142890E+03
   .3144350E+03   .3145170E+03
   .3146430E+03   .3146540E+03   .3149070E+03   .3151230E+03   .3153070E+03
   .3154410E+03   .3152010E+03   .3148700E+03   .3147530E+03   .3149340E+03
   .3153790E+03   .3157960E+03   .3162500E+03   .3166340E+03   .3166840E+03
   .3167380E+03   .3166110E+03
   .3172020E+03   .3171820E+03   .3173750E+03   .3174990E+03   .3177070E+03
   .3178770E+03   .3177030E+03   .3174630E+03   .3174550E+03   .3176410E+03
   .3180350E+03   .3184200E+03   .3188990E+03   .3193090E+03   .3192750E+03
   .3192160E+03   .3188900E+03
   .3201290E+03   .3201520E+03   .3203200E+03   .3203200E+03   .3204630E+03
   .3206140E+03   .3204730E+03   .3202790E+03   .3202980E+03   .3204140E+03
   .3206920E+03   .3210200E+03   .3214380E+03   .3217810E+03   .3216340E+03
   .3214810E+03   .3211080E+03
   .3229290E+03   .3230630E+03   .3233350E+03   .3233640E+03   .3234380E+03
   .3235120E+03   .3233030E+03   .3230570E+03   .3230050E+03   .3230310E+03
   .3232200E+03   .3235040E+03   .3238000E+03   .3240100E+03   .3237830E+03
   .3235560E+03   .3232460E+03
   .3254670E+03   .3257260E+03   .3261490E+03   .3262590E+03   .3262550E+03
   .3261820E+03   .3258520E+03   .3255180E+03   .3254780E+03   .3255320E+03
   .3257290E+03   .3259880E+03   .3261930E+03   .3263000E+03   .3260480E+03
   .3258170E+03   .3256830E+03
   .3279250E+03   .3281820E+03   .3285930E+03   .3287520E+03   .3287370E+03
   .3285830E+03   .3281720E+03   .3277430E+03   .3277450E+03   .3278820E+03
   .3281580E+03   .3284860E+03   .3287160E+03   .3288760E+03   .3286330E+03
   .3284150E+03   .3283960E+03
   .3302670E+03   .3303830E+03   .3306490E+03   .3308060E+03   .3308530E+03
   .3307540E+03   .3304280E+03   .3300220E+03   .3300670E+03   .3302400E+03
   .3305820E+03   .3310760E+03   .3315000E+03   .3318460E+03   .3316780E+03
   .3315500E+03   .3316580E+03
   .3332620E+03   .3330960E+03   .3331190E+03   .3331630E+03   .3332150E+03
   .3332800E+03   .3332270E+03   .3330310E+03   .3331170E+03   .3333190E+03
   .3337830E+03   .3345320E+03   .3351730E+03   .3356600E+03   .3356110E+03
   .3355160E+03   .3355470E+03
   .3384780E+03   .3382530E+03   .3382250E+03   .3383130E+03   .3384530E+03
   .3387780E+03   .3389820E+03   .3388750E+03   .3388010E+03   .3388150E+03
   .3391720E+03   .3397320E+03   .3402050E+03   .3405430E+03   .3405320E+03
   .3403900E+03   .3403140E+03
   .3465000E+03   .3463840E+03   .3463860E+03   .3465260E+03   .3466780E+03
   .3471210E+03   .3473190E+03   .3471970E+03   .3470400E+03   .3470450E+03
   .3472730E+03   .3474670E+03   .3476470E+03   .3477560E+03   .3477230E+03
   .3475250E+03   .3473510E+03
   .3646470E+03   .3647180E+03   .3648590E+03   .3651450E+03   .3653010E+03
   .3657520E+03   .3658210E+03   .3657020E+03   .3655290E+03   .3654330E+03
   .3653130E+03   .3650480E+03   .3651360E+03   .3651740E+03   .3650310E+03
   .3647240E+03   .3645870E+03
Horizontal_s_Advec_(K/hour)                       
   .0000000E+00   .0000000E+00   .0000000E+00   .0000000E+00   .0000000E+00
   .0000000E+00   .0000000E+00   .0000000E+00   .0000000E+00   .0000000E+00
   .0000000E+00   .0000000E+00   .0000000E+00   .0000000E+00   .0000000E+00
   .0000000E+00   .0000000E+00
   .0000000E+00   .0000000E+00   .0000000E+00   .0000000E+00   .0000000E+00
   .0000000E+00   .0000000E+00   .0000000E+00   .0000000E+00   .0000000E+00
   .0000000E+00   .0000000E+00   .0000000E+00   .0000000E+00   .0000000E+00
   .0000000E+00   .0000000E+00
   .0000000E+00   .0000000E+00   .0000000E+00   .0000000E+00   .0000000E+00
   .0000000E+00   .0000000E+00   .0000000E+00   .0000000E+00   .0000000E+00
   .0000000E+00   .0000000E+00   .0000000E+00   .0000000E+00   .0000000E+00
   .0000000E+00   .0000000E+00
   .0000000E+00   .0000000E+00   .0000000E+00   .0000000E+00   .0000000E+00
   .0000000E+00   .0000000E+00   .0000000E+00   .0000000E+00   .0000000E+00
   .0000000E+00   .0000000E+00   .0000000E+00   .0000000E+00   .0000000E+00
   .0000000E+00   .0000000E+00
   .0000000E+00   .0000000E+00   .0000000E+00   .0000000E+00   .0000000E+00
   .0000000E+00   .0000000E+00   .0000000E+00   .0000000E+00   .0000000E+00
   .0000000E+00   .0000000E+00   .0000000E+00   .0000000E+00   .0000000E+00
   .0000000E+00   .0000000E+00
   .0000000E+00   .0000000E+00   .0000000E+00   .0000000E+00   .0000000E+00
   .0000000E+00   .0000000E+00   .0000000E+00   .0000000E+00   .0000000E+00
   .0000000E+00   .0000000E+00   .0000000E+00   .0000000E+00   .0000000E+00
   .0000000E+00   .0000000E+00
   .0000000E+00   .0000000E+00   .0000000E+00   .0000000E+00   .0000000E+00
   .0000000E+00   .0000000E+00   .0000000E+00   .0000000E+00   .0000000E+00
   .0000000E+00   .0000000E+00   .0000000E+00   .0000000E+00   .0000000E+00
   .0000000E+00   .0000000E+00
   .0000000E+00   .0000000E+00   .0000000E+00   .0000000E+00   .0000000E+00
   .0000000E+00   .0000000E+00   .0000000E+00   .0000000E+00   .0000000E+00
   .0000000E+00   .0000000E+00   .0000000E+00   .0000000E+00   .0000000E+00
   .0000000E+00   .0000000E+00
   .0000000E+00   .0000000E+00   .0000000E+00   .0000000E+00   .0000000E+00
   .0000000E+00   .0000000E+00   .0000000E+00   .0000000E+00   .0000000E+00
   .0000000E+00   .0000000E+00   .0000000E+00   .0000000E+00   .0000000E+00
   .0000000E+00   .0000000E+00
   .0000000E+00   .0000000E+00   .0000000E+00   .0000000E+00   .0000000E+00
   .0000000E+00   .0000000E+00   .0000000E+00   .0000000E+00   .0000000E+00
   .0000000E+00   .0000000E+00   .0000000E+00   .0000000E+00   .0000000E+00
   .0000000E+00   .0000000E+00
   .0000000E+00   .0000000E+00   .0000000E+00   .0000000E+00   .0000000E+00
   .0000000E+00   .0000000E+00   .0000000E+00   .0000000E+00   .0000000E+00
   .0000000E+00   .0000000E+00   .0000000E+00   .0000000E+00   .0000000E+00
   .0000000E+00   .0000000E+00
   .0000000E+00   .0000000E+00   .0000000E+00   .0000000E+00   .0000000E+00
   .0000000E+00   .0000000E+00   .0000000E+00   .0000000E+00   .0000000E+00
   .0000000E+00   .0000000E+00   .0000000E+00   .0000000E+00   .0000000E+00
   .0000000E+00   .0000000E+00
   .0000000E+00   .0000000E+00   .0000000E+00   .0000000E+00   .0000000E+00
   .0000000E+00   .0000000E+00   .0000000E+00   .0000000E+00   .0000000E+00
   .0000000E+00   .0000000E+00   .0000000E+00   .0000000E+00   .0000000E+00
   .0000000E+00   .0000000E+00
   .0000000E+00   .0000000E+00   .0000000E+00   .0000000E+00   .0000000E+00
   .0000000E+00   .0000000E+00   .0000000E+00   .0000000E+00   .0000000E+00
   .0000000E+00   .0000000E+00   .0000000E+00   .0000000E+00   .0000000E+00
   .0000000E+00   .0000000E+00
   .0000000E+00   .0000000E+00   .0000000E+00   .0000000E+00   .0000000E+00
   .0000000E+00   .0000000E+00   .0000000E+00   .0000000E+00   .0000000E+00
   .0000000E+00   .0000000E+00   .0000000E+00   .0000000E+00   .0000000E+00
   .0000000E+00   .0000000E+00
   .0000000E+00   .0000000E+00   .0000000E+00   .0000000E+00   .0000000E+00
   .0000000E+00   .0000000E+00   .0000000E+00   .0000000E+00   .0000000E+00
   .0000000E+00   .0000000E+00   .0000000E+00   .0000000E+00   .0000000E+00
   .0000000E+00   .0000000E+00
   .0000000E+00   .0000000E+00   .0000000E+00   .0000000E+00   .0000000E+00
   .0000000E+00   .0000000E+00   .0000000E+00   .0000000E+00   .0000000E+00
   .0000000E+00   .0000000E+00   .0000000E+00   .0000000E+00   .0000000E+00
   .0000000E+00   .0000000E+00
   .0000000E+00   .0000000E+00   .0000000E+00   .0000000E+00   .0000000E+00
   .0000000E+00   .0000000E+00   .0000000E+00   .0000000E+00   .0000000E+00
   .0000000E+00   .0000000E+00   .0000000E+00   .0000000E+00   .0000000E+00
   .0000000E+00   .0000000E+00
Vertical_s_Advec(K/hour)                          
   .1127118E-01   .7527564E-02   .3820068E-02  -.2170390E-03  -.4908852E-02
  -.5255460E-02   .8678358E-02   .9974767E-02   .1127118E-01   .7527564E-02
   .3820068E-02  -.2170390E-03  -.4908852E-02  -.5255460E-02   .8678358E-02
   .9974767E-02   .1127118E-01
   .1059714E-01   .1237608E-01   .4810572E-02  -.2158405E-03  -.6190020E-02
  -.2626888E-02   .9923875E-02   .1026051E-01   .1059714E-01   .1237608E-01
   .4810572E-02  -.2158405E-03  -.6190020E-02  -.2626888E-02   .9923875E-02
   .1026051E-01   .1059714E-01
  -.3589848E-02   .1464624E-01   .8760564E-02   .2675502E-02  -.4237884E-02
   .5282280E-02   .2431980E-02  -.5789341E-03  -.3589848E-02   .1464624E-01
   .8760564E-02   .2675502E-02  -.4237884E-02   .5282280E-02   .2431980E-02
  -.5789341E-03  -.3589848E-02
  -.2661500E-01   .1060834E-01   .1435406E-01   .9790884E-02   .4480560E-02
   .1779876E-01  -.9258269E-02  -.1793664E-01  -.2661500E-01   .1060834E-01
   .1435406E-01   .9790884E-02   .4480560E-02   .1779876E-01  -.9258269E-02
  -.1793664E-01  -.2661500E-01
  -.4161492E-01   .3715704E-02   .1205546E-01   .1361718E-01   .1555337E-01
   .2931530E-01  -.1580796E-01  -.2871144E-01  -.4161492E-01   .3715704E-02
   .1205546E-01   .1361718E-01   .1555337E-01   .2931530E-01  -.1580796E-01
  -.2871144E-01  -.4161492E-01
  -.4352958E-01  -.2994120E-02  -.3573623E-02   .7614972E-03   .1402668E-01
   .2861352E-01  -.2171826E-01  -.3262392E-01  -.4352958E-01  -.2994120E-02
  -.3573623E-02   .7614972E-03   .1402668E-01   .2861352E-01  -.2171826E-01
  -.3262392E-01  -.4352958E-01
  -.4057831E-01  -.9374832E-02  -.3371537E-01  -.3442111E-01  -.8040348E-02
   .1604358E-01  -.3114243E-01  -.3586037E-01  -.4057831E-01  -.9374832E-02
  -.3371537E-01  -.3442111E-01  -.8040348E-02   .1604358E-01  -.3114243E-01
  -.3586037E-01  -.4057831E-01
  -.3662784E-01  -.1749006E-01  -.8322300E-01  -.9617904E-01  -.4881384E-01
  -.5034996E-02  -.4707083E-01  -.4184934E-01  -.3662784E-01  -.1749006E-01
  -.8322300E-01  -.9617904E-01  -.4881384E-01  -.5034996E-02  -.4707083E-01
  -.4184934E-01  -.3662784E-01
  -.1528633E-01  -.1725563E-01  -.1430478E+00  -.1791036E+00  -.1006042E+00
  -.3455104E-01  -.6246088E-01  -.3887361E-01  -.1528633E-01  -.1725563E-01
  -.1430478E+00  -.1791036E+00  -.1006042E+00  -.3455104E-01  -.6246088E-01
  -.3887361E-01  -.1528633E-01
   .3205993E-01   .1359000E-01  -.1610093E+00  -.2375816E+00  -.1393470E+00
  -.6126660E-01  -.6566103E-01  -.1680055E-01   .3205993E-01   .1359000E-01
  -.1610093E+00  -.2375816E+00  -.1393470E+00  -.6126660E-01  -.6566103E-01
  -.1680055E-01   .3205993E-01
   .8430786E-01   .6651612E-01  -.1142827E+00  -.2252142E+00  -.1407067E+00
  -.7039116E-01  -.5336676E-01   .1547055E-01   .8430786E-01   .6651612E-01
  -.1142827E+00  -.2252142E+00  -.1407067E+00  -.7039116E-01  -.5336676E-01
   .1547055E-01   .8430786E-01
   .1191920E+00   .1104887E+00  -.3893472E-01  -.1512875E+00  -.1099634E+00
  -.6770628E-01  -.3630861E-01   .4144169E-01   .1191920E+00   .1104887E+00
  -.3893472E-01  -.1512875E+00  -.1099634E+00  -.6770628E-01  -.3630861E-01
   .4144169E-01   .1191920E+00
   .1266191E+00   .1243213E+00   .1812420E-01  -.7413300E-01  -.7743384E-01
  -.6732576E-01  -.2778381E-01   .4941763E-01   .1266191E+00   .1243213E+00
   .1812420E-01  -.7413300E-01  -.7743384E-01  -.6732576E-01  -.2778381E-01
   .4941763E-01   .1266191E+00
   .1225214E+00   .1203570E+00   .5145804E-01  -.2076952E-01  -.5055192E-01
  -.7049124E-01  -.2677059E-01   .4787539E-01   .1225214E+00   .1203570E+00
   .5145804E-01  -.2076952E-01  -.5055192E-01  -.7049124E-01  -.2677059E-01
   .4787539E-01   .1225214E+00
   .1124793E+00   .1195722E+00   .9270576E-01   .3302385E-01  -.1501113E-01
  -.7334568E-01  -.3630870E-01   .3808530E-01   .1124793E+00   .1195722E+00
   .9270576E-01   .3302385E-01  -.1501113E-01  -.7334568E-01  -.3630870E-01
   .3808530E-01   .1124793E+00
   .6118884E-01   .7783776E-01   .9403452E-01   .6866856E-01   .3108262E-01
  -.4350420E-01  -.3813174E-01   .1152855E-01   .6118884E-01   .7783776E-01
   .9403452E-01   .6866856E-01   .3108262E-01  -.4350420E-01  -.3813174E-01
   .1152855E-01   .6118884E-01
   .2536429E-03   .1345964E-01   .4478760E-01   .5658192E-01   .5028264E-01
   .4069944E-02  -.1748712E-01  -.8616736E-02   .2536429E-03   .1345964E-01
   .4478760E-01   .5658192E-01   .5028264E-01   .4069944E-02  -.1748712E-01
  -.8616736E-02   .2536429E-03
  -.1897309E-01  -.8954136E-02   .1958526E-01   .3940956E-01   .4459968E-01
   .2069838E-01  -.4020814E-02  -.1149695E-01  -.1897309E-01  -.8954136E-02
   .1958526E-01   .3940956E-01   .4459968E-01   .2069838E-01  -.4020814E-02
  -.1149695E-01  -.1897309E-01
ds/dt(K/hour)                                     
   .3553730E+00   .7176528E+00   .6377400E+00   .9974124E-01  -.5331168E+00
  -.6508260E+00  -.3817839E+00  -.1320547E-01   .3553730E+00   .7176528E+00
   .6377400E+00   .9974124E-01  -.5331168E+00  -.6508260E+00  -.3817839E+00
  -.1320547E-01   .3553730E+00
   .2512802E+00   .5108004E+00   .4778928E+00   .1312052E+00  -.1969268E+00
  -.2919928E+00  -.1881544E+00   .3156290E-01   .2512802E+00   .5108004E+00
   .4778928E+00   .1312052E+00  -.1969268E+00  -.2919928E+00  -.1881544E+00
   .3156290E-01   .2512802E+00
   .1306407E+00   .2689427E+00   .2758982E+00   .1340672E+00  -.8613576E-02
  -.7460999E-01  -.7004762E-01   .3029655E-01   .1306407E+00   .2689427E+00
   .2758982E+00   .1340672E+00  -.8613576E-02  -.7460999E-01  -.7004762E-01
   .3029655E-01   .1306407E+00
   .6322279E-01   .1525565E+00   .1660612E+00   .1130929E+00   .5803020E-01
  -.1318828E-02  -.3940379E-01   .1190950E-01   .6322279E-01   .1525565E+00
   .1660612E+00   .1130929E+00   .5803020E-01  -.1318828E-02  -.3940379E-01
   .1190950E-01   .6322279E-01
   .9372296E-02   .8061948E-01   .9196524E-01   .8260308E-01   .7778088E-01
   .1995894E-01  -.4449317E-01  -.1756044E-01   .9372296E-02   .8061948E-01
   .9196524E-01   .8260308E-01   .7778088E-01   .1995894E-01  -.4449317E-01
  -.1756044E-01   .9372296E-02
  -.2705049E-01   .4771548E-01   .7151868E-01   .6915168E-01   .6826824E-01
   .1194422E-02  -.6493197E-01  -.4599123E-01  -.2705049E-01   .4771548E-01
   .7151868E-01   .6915168E-01   .6826824E-01   .1194422E-02  -.6493197E-01
  -.4599123E-01  -.2705049E-01
  -.2794507E-01   .4957848E-01   .7742700E-01   .6399828E-01   .5174496E-01
  -.1601622E-01  -.6594363E-01  -.4694435E-01  -.2794507E-01   .4957848E-01
   .7742700E-01   .6399828E-01   .5174496E-01  -.1601622E-01  -.6594363E-01
  -.4694435E-01  -.2794507E-01
  -.2694547E-01   .4403952E-01   .7804332E-01   .6651576E-01   .5299272E-01
  -.1759932E-01  -.5208939E-01  -.3951743E-01  -.2694547E-01   .4403952E-01
   .7804332E-01   .6651576E-01   .5299272E-01  -.1759932E-01  -.5208939E-01
  -.3951743E-01  -.2694547E-01
  -.1646919E-01   .2885098E-01   .5276592E-01   .5531256E-01   .6307272E-01
  -.6838920E-03  -.2682967E-01  -.2164943E-01  -.1646919E-01   .2885098E-01
   .5276592E-01   .5531256E-01   .6307272E-01  -.6838920E-03  -.2682967E-01
  -.2164943E-01  -.1646919E-01
   .3273300E-02   .3173403E-01   .2787696E-01   .2395141E-01   .4901400E-01
   .1537960E-02  -.1752062E-01  -.7123661E-02   .3273300E-02   .3173403E-01
   .2787696E-01   .2395141E-01   .4901400E-01   .1537960E-02  -.1752062E-01
  -.7123661E-02   .3273300E-02
   .2588818E-01   .6769872E-01   .5014044E-01   .1723608E-01   .2469424E-01
  -.2250101E-01  -.3552809E-01  -.4819955E-02   .2588818E-01   .6769872E-01
   .5014044E-01   .1723608E-01   .2469424E-01  -.2250101E-01  -.3552809E-01
  -.4819955E-02   .2588818E-01
   .4871853E-01   .1137265E+00   .8881813E-01   .1759997E-01  -.1281780E-01
  -.6710327E-01  -.6263028E-01  -.6955875E-02   .4871853E-01   .1137265E+00
   .8881813E-01   .1759997E-01  -.1281780E-01  -.6710327E-01  -.6263028E-01
  -.6955875E-02   .4871853E-01
   .4275369E-01   .1114920E+00   .9502776E-01   .2392747E-01  -.2831227E-01
  -.9409176E-01  -.7810002E-01  -.1767316E-01   .4275369E-01   .1114920E+00
   .9502776E-01   .2392747E-01  -.2831227E-01  -.9409176E-01  -.7810002E-01
  -.1767316E-01   .4275369E-01
   .1302624E-01   .6379164E-01   .7046568E-01   .3391625E-01  -.8559756E-02
  -.7087248E-01  -.6286230E-01  -.2491803E-01   .1302624E-01   .6379164E-01
   .7046568E-01   .3391625E-01  -.8559756E-02  -.7087248E-01  -.6286230E-01
  -.2491803E-01   .1302624E-01
  -.4883023E-01  -.2384312E-01   .1113700E-01   .1595200E-01   .1959124E-01
   .2099355E-02  -.2359866E-01  -.3621444E-01  -.4883023E-01  -.2384312E-01
   .1113700E-01   .1595200E-01   .1959124E-01   .2099355E-02  -.2359866E-01
  -.3621444E-01  -.4883023E-01
  -.6157437E-01  -.4209300E-01   .1000404E-01   .3790800E-01   .7743780E-01
   .8814023E-01   .1854601E-01  -.2151418E-01  -.6157437E-01  -.4209300E-01
   .1000404E-01   .3790800E-01   .7743780E-01   .8814023E-01   .1854601E-01
  -.2151418E-01  -.6157437E-01
  -.5259114E-01  -.1889802E-01   .2368353E-01   .4862808E-01   .9919548E-01
   .1068404E+00   .2029527E-01  -.1614794E-01  -.5259114E-01  -.1889802E-01
   .2368353E-01   .4862808E-01   .9919548E-01   .1068404E+00   .2029527E-01
  -.1614794E-01  -.5259114E-01
  -.1877713E-01   .3524760E-01   .7110180E-01   .7365276E-01   .1012392E+00
   .8672256E-01   .1024128E-01  -.4267925E-02  -.1877713E-01   .3524760E-01
   .7110180E-01   .7365276E-01   .1012392E+00   .8672256E-01   .1024128E-01
  -.4267925E-02  -.1877713E-01
DT/dt(K/hour)                                     
   .3538494E+00   .7193304E+00   .6668856E+00   .1345212E+00  -.5346612E+00
  -.6632676E+00  -.3838950E+00  -.1502278E-01   .3538494E+00   .7193304E+00
   .6668856E+00   .1345212E+00  -.5346612E+00  -.6632676E+00  -.3838950E+00
  -.1502278E-01   .3538494E+00
   .2450339E+00   .5030676E+00   .4982796E+00   .1639192E+00  -.1927908E+00
  -.2971458E+00  -.1859987E+00   .2951761E-01   .2450339E+00   .5030676E+00
   .4982796E+00   .1639192E+00  -.1927908E+00  -.2971458E+00  -.1859987E+00
   .2951761E-01   .2450339E+00
   .1214352E+00   .2551655E+00   .2899476E+00   .1641737E+00  -.2694445E-02
  -.7658856E-01  -.6586398E-01   .2778561E-01   .1214352E+00   .2551655E+00
   .2899476E+00   .1641737E+00  -.2694445E-02  -.7658856E-01  -.6586398E-01
   .2778561E-01   .1214352E+00
   .5250687E-01   .1354572E+00   .1759532E+00   .1404652E+00   .6369804E-01
  -.2225876E-02  -.3427080E-01   .9118035E-02   .5250687E-01   .1354572E+00
   .1759532E+00   .1404652E+00   .6369804E-01  -.2225876E-02  -.3427080E-01
   .9118035E-02   .5250687E-01
  -.1976239E-02   .6158376E-01   .9903456E-01   .1074434E+00   .8230644E-01
   .1933308E-01  -.3861958E-01  -.2029791E-01  -.1976239E-02   .6158376E-01
   .9903456E-01   .1074434E+00   .8230644E-01   .1933308E-01  -.3861958E-01
  -.2029791E-01  -.1976239E-02
  -.3834840E-01   .2746181E-01   .7640065E-01   .9165852E-01   .7133220E-01
   .6622740E-03  -.5814402E-01  -.4824621E-01  -.3834840E-01   .2746181E-01
   .7640065E-01   .9165852E-01   .7133220E-01   .6622740E-03  -.5814402E-01
  -.4824621E-01  -.3834840E-01
  -.3887312E-01   .2823387E-01   .8009820E-01   .8418673E-01   .5334696E-01
  -.1635786E-01  -.5808771E-01  -.4848042E-01  -.3887312E-01   .2823387E-01
   .8009820E-01   .8418673E-01   .5334696E-01  -.1635786E-01  -.5808771E-01
  -.4848042E-01  -.3887312E-01
  -.3739914E-01   .2160072E-01   .7830755E-01   .8426592E-01   .5305068E-01
  -.1777309E-01  -.4331011E-01  -.4035462E-01  -.3739914E-01   .2160072E-01
   .7830755E-01   .8426592E-01   .5305068E-01  -.1777309E-01  -.4331011E-01
  -.4035462E-01  -.3739914E-01
  -.2640666E-01   .5648508E-02   .5093028E-01   .7067484E-01   .6130800E-01
  -.1013864E-02  -.1755720E-01  -.2198193E-01  -.2640666E-01   .5648508E-02
   .5093028E-01   .7067484E-01   .6130800E-01  -.1013864E-02  -.1755720E-01
  -.2198193E-01  -.2640666E-01
  -.6336057E-02   .8089271E-02   .2466839E-01   .3752208E-01   .4548168E-01
   .8150724E-03  -.8120329E-02  -.7228193E-02  -.6336057E-02   .8089271E-02
   .2466839E-01   .3752208E-01   .4548168E-01   .8150724E-03  -.8120329E-02
  -.7228193E-02  -.6336057E-02
   .1616936E-01   .4320504E-01   .4567680E-01   .2957472E-01   .1992182E-01
  -.2322727E-01  -.2577384E-01  -.4802239E-02   .1616936E-01   .4320504E-01
   .4567680E-01   .2957472E-01   .1992182E-01  -.2322727E-01  -.2577384E-01
  -.4802239E-02   .1616936E-01
   .3822496E-01   .8710776E-01   .8210664E-01   .2873876E-01  -.1791508E-01
  -.6663348E-01  -.5169766E-01  -.6736353E-02   .3822496E-01   .8710776E-01
   .8210664E-01   .2873876E-01  -.1791508E-01  -.6663348E-01  -.5169766E-01
  -.6736353E-02   .3822496E-01
   .3111129E-01   .8179020E-01   .8508312E-01   .3363523E-01  -.3279031E-01
  -.9092376E-01  -.6505920E-01  -.1697396E-01   .3111129E-01   .8179020E-01
   .8508312E-01   .3363523E-01  -.3279031E-01  -.9092376E-01  -.6505920E-01
  -.1697396E-01   .3111129E-01
   .8219075E-03   .3175672E-01   .5741568E-01   .4179816E-01  -.1233886E-01
  -.6455772E-01  -.4747534E-01  -.2332672E-01   .8219075E-03   .3175672E-01
   .5741568E-01   .4179816E-01  -.1233886E-01  -.6455772E-01  -.4747534E-01
  -.2332672E-01   .8219075E-03
  -.5943244E-01  -.5514516E-01  -.3214732E-02   .2217992E-01   .1558782E-01
   .9619704E-02  -.6924239E-02  -.3317834E-01  -.5943244E-01  -.5514516E-01
  -.3214732E-02   .2217992E-01   .1558782E-01   .9619704E-02  -.6924239E-02
  -.3317834E-01  -.5943244E-01
  -.6830232E-01  -.6962760E-01  -.4166604E-02   .4210956E-01   .7066656E-01
   .9236988E-01   .3429617E-01  -.1700307E-01  -.6830232E-01  -.6962760E-01
  -.4166604E-02   .4210956E-01   .7066656E-01   .9236988E-01   .3429617E-01
  -.1700307E-01  -.6830232E-01
  -.5468586E-01  -.4231476E-01   .9230724E-02   .4929660E-01   .8638344E-01
   .1035605E+00   .3348257E-01  -.1060164E-01  -.5468586E-01  -.4231476E-01
   .9230724E-02   .4929660E-01   .8638344E-01   .1035605E+00   .3348257E-01
  -.1060164E-01  -.5468586E-01
  -.1742512E-01   .1283404E-01   .5296644E-01   .6799392E-01   .7981668E-01
   .7441776E-01   .2073885E-01   .1656866E-02  -.1742512E-01   .1283404E-01
   .5296644E-01   .6799392E-01   .7981668E-01   .7441776E-01   .2073885E-01
   .1656866E-02  -.1742512E-01
dr/dt_(g/kg/hour)                                 
   .9471805E-01   .7465682E-01  -.6179899E-01  -.1119906E+00  -.6663320E-01
   .3870670E-02   .2054674E-01   .5763239E-01   .9471805E-01   .7465682E-01
  -.6179899E-01  -.1119906E+00  -.6663320E-01   .3870670E-02   .2054674E-01
   .5763239E-01   .9471805E-01
   .2289633E-01  -.1115298E-01  -.3839618E-01  -.5094742E-01  -.6766666E-01
  -.1295899E-01   .2051911E-01   .2170772E-01   .2289633E-01  -.1115298E-01
  -.3839618E-01  -.5094742E-01  -.6766666E-01  -.1295899E-01   .2051911E-01
   .2170772E-01   .2289633E-01
  -.7074364E-02  -.1524194E-01   .4926354E-01   .2342249E-01  -.1082032E+00
  -.1242705E+00  -.3221145E-01  -.1964290E-01  -.7074364E-02  -.1524194E-01
   .4926354E-01   .2342249E-01  -.1082032E+00  -.1242705E+00  -.3221145E-01
  -.1964290E-01  -.7074364E-02
   .3335807E-01   .2137699E-01   .8557469E-01   .7014921E-01  -.8415067E-01
  -.1533777E+00  -.3556210E-01  -.1102012E-02   .3335807E-01   .2137699E-01
   .8557469E-01   .7014921E-01  -.8415067E-01  -.1533777E+00  -.3556210E-01
  -.1102012E-02   .3335807E-01
   .8544906E-01   .8230320E-01   .1378098E+00   .1168205E+00  -.3846191E-01
  -.1262447E+00  -.1200362E-01   .3672272E-01   .8544906E-01   .8230320E-01
   .1378098E+00   .1168205E+00  -.3846191E-01  -.1262447E+00  -.1200362E-01
   .3672272E-01   .8544906E-01
   .1273428E+00   .1371659E+00   .1605898E+00   .1342441E+00   .2288223E-01
  -.4195432E-01   .2924211E-01   .7829246E-01   .1273428E+00   .1371659E+00
   .1605898E+00   .1342441E+00   .2288223E-01  -.4195432E-01   .2924211E-01
   .7829246E-01   .1273428E+00
   .1182542E+00   .1538352E+00   .1752572E+00   .1484804E+00   .7640629E-01
   .3151329E-01   .5073215E-01   .8449319E-01   .1182542E+00   .1538352E+00
   .1752572E+00   .1484804E+00   .7640629E-01   .3151329E-01   .5073215E-01
   .8449319E-01   .1182542E+00
   .8484794E-01   .1366088E+00   .1643493E+00   .1497529E+00   .1139165E+00
   .8702610E-01   .5863567E-01   .7174180E-01   .8484794E-01   .1366088E+00
   .1643493E+00   .1497529E+00   .1139165E+00   .8702610E-01   .5863567E-01
   .7174180E-01   .8484794E-01
   .3956770E-01   .8273011E-01   .1119359E+00   .1088151E+00   .1014818E+00
   .1028057E+00   .5691291E-01   .4824030E-01   .3956770E-01   .8273011E-01
   .1119359E+00   .1088151E+00   .1014818E+00   .1028057E+00   .5691291E-01
   .4824030E-01   .3956770E-01
   .3345350E-02   .3680799E-01   .6605719E-01   .6630502E-01   .6837066E-01
   .8219478E-01   .3897035E-01   .2115785E-01   .3345350E-02   .3680799E-01
   .6605719E-01   .6630502E-01   .6837066E-01   .8219478E-01   .3897035E-01
   .2115785E-01   .3345350E-02
  -.2681143E-01  -.8135284E-02   .2550881E-01   .4523696E-01   .6255595E-01
   .6901195E-01   .2668082E-01  -.6530527E-04  -.2681143E-01  -.8135284E-02
   .2550881E-01   .4523696E-01   .6255595E-01   .6901195E-01   .2668082E-01
  -.6530527E-04  -.2681143E-01
  -.2512828E-01  -.5711012E-02   .2781576E-01   .5298843E-01   .6695168E-01
   .5274363E-01   .1429407E-01  -.5417108E-02  -.2512828E-01  -.5711012E-02
   .2781576E-01   .5298843E-01   .6695168E-01   .5274363E-01   .1429407E-01
  -.5417108E-02  -.2512828E-01
  -.1707841E-01  -.1570431E-03   .2850208E-01   .4820677E-01   .5263506E-01
   .2862860E-01   .3851888E-02  -.6613263E-02  -.1707841E-01  -.1570431E-03
   .2850208E-01   .4820677E-01   .5263506E-01   .2862860E-01   .3851888E-02
  -.6613263E-02  -.1707841E-01
  -.4429800E-02   .7339290E-02   .1979430E-01   .2531411E-01   .2219534E-01
   .5773810E-02  -.2667126E-02  -.3548463E-02  -.4429800E-02   .7339290E-02
   .1979430E-01   .2531411E-01   .2219534E-01   .5773810E-02  -.2667126E-02
  -.3548463E-02  -.4429800E-02
  -.1072152E-02   .4016128E-02   .8181101E-02   .8817551E-02   .5551252E-02
  -.1875273E-02  -.3138601E-02  -.2105376E-02  -.1072152E-02   .4016128E-02
   .8181101E-02   .8817551E-02   .5551252E-02  -.1875273E-02  -.3138601E-02
  -.2105376E-02  -.1072152E-02
  -.2828502E-04   .1964273E-02   .2810803E-02   .2383405E-02   .9102444E-03
  -.1232216E-02  -.1351923E-02  -.6901040E-03  -.2828502E-04   .1964273E-02
   .2810803E-02   .2383405E-02   .9102444E-03  -.1232216E-02  -.1351923E-02
  -.6901040E-03  -.2828502E-04
  -.1176635E-03   .5000588E-03   .8592010E-03   .5881137E-03   .5142484E-05
  -.3791514E-03  -.3580287E-03  -.2378461E-03  -.1176635E-03   .5000588E-03
   .8592010E-03   .5881137E-03   .5142484E-05  -.3791514E-03  -.3580287E-03
  -.2378461E-03  -.1176635E-03
  -.1012615E-03   .2131662E-03   .3952186E-03   .1747679E-03  -.1811273E-03
  -.1363983E-03  -.1336852E-03  -.1174734E-03  -.1012615E-03   .2131662E-03
   .3952186E-03   .1747679E-03  -.1811273E-03  -.1363983E-03  -.1336852E-03
  -.1174734E-03  -.1012615E-03
Q1_(k/hour)                                       
   .2724650E+00   .6119928E+00   .5593392E+00   .8765640E-01  -.4895388E+00
  -.5787288E+00  -.3652878E+00  -.4641141E-01   .2724650E+00   .6119928E+00
   .5593392E+00   .8765640E-01  -.4895388E+00  -.5787288E+00  -.3652878E+00
  -.4641141E-01   .2724650E+00
   .1409820E+00   .3628152E+00   .3841596E+00   .1481677E+00  -.1111133E+00
  -.1894007E+00  -.1572091E+00  -.8113541E-02   .1409820E+00   .3628152E+00
   .3841596E+00   .1481677E+00  -.1111133E+00  -.1894007E+00  -.1572091E+00
  -.8113541E-02   .1409820E+00
  -.4436873E-02   .1118322E+00   .1956377E+00   .1545048E+00   .5183676E-01
  -.2255144E-01  -.7684343E-01  -.4064015E-01  -.4436873E-02   .1118322E+00
   .1956377E+00   .1545048E+00   .5183676E-01  -.2255144E-01  -.7684343E-01
  -.4064015E-01  -.4436873E-02
  -.4939521E-01   .9994608E-02   .8852868E-01   .1054710E+00   .6051384E-01
  -.1464289E-01  -.6916126E-01  -.5927823E-01  -.4939521E-01   .9994608E-02
   .8852868E-01   .1054710E+00   .6051384E-01  -.1464289E-01  -.6916126E-01
  -.5927823E-01  -.4939521E-01
  -.6393642E-01  -.3364837E-01   .1582330E-01   .4895784E-01   .4015224E-01
  -.2740460E-01  -.7364320E-01  -.6878981E-01  -.6393642E-01  -.3364837E-01
   .1582330E-01   .4895784E-01   .4015224E-01  -.2740460E-01  -.7364320E-01
  -.6878981E-01  -.6393642E-01
  -.6196610E-01  -.2927635E-01   .1444284E-01   .3624948E-01   .2042244E-01
  -.4871196E-01  -.7833996E-01  -.7015303E-01  -.6196610E-01  -.2927635E-01
   .1444284E-01   .3624948E-01   .2042244E-01  -.4871196E-01  -.7833996E-01
  -.7015303E-01  -.6196610E-01
  -.3599905E-01   .8220744E-03   .5552748E-01   .6204024E-01   .2075638E-01
  -.4920516E-01  -.5453532E-01  -.4526719E-01  -.3599905E-01   .8220744E-03
   .5552748E-01   .6204024E-01   .2075638E-01  -.4920516E-01  -.5453532E-01
  -.4526719E-01  -.3599905E-01
  -.1271567E-01   .2905859E-01   .1196654E+00   .1270174E+00   .6101748E-01
  -.2765088E-01  -.1448919E-01  -.1360243E-01  -.1271567E-01   .2905859E-01
   .1196654E+00   .1270174E+00   .6101748E-01  -.2765088E-01  -.1448919E-01
  -.1360243E-01  -.1271567E-01
  -.1399071E-01   .2752675E-01   .1624774E+00   .1988820E+00   .1246691E+00
   .1563314E-01   .2447962E-01   .5244457E-02  -.1399071E-01   .2752675E-01
   .1624774E+00   .1988820E+00   .1246691E+00   .1563314E-01   .2447962E-01
   .5244457E-02  -.1399071E-01
  -.2805103E-01   .1726899E-01   .1748812E+00   .2439824E+00   .1641017E+00
   .4529376E-01   .3932901E-01   .5638992E-02  -.2805103E-01   .1726899E-01
   .1748812E+00   .2439824E+00   .1641017E+00   .4529376E-01   .3932901E-01
   .5638992E-02  -.2805103E-01
  -.5441903E-01  -.5409000E-02   .1514855E+00   .2377458E+00   .1631844E+00
   .4889808E-01   .2447370E-01  -.1497267E-01  -.5441903E-01  -.5409000E-02
   .1514855E+00   .2377458E+00   .1631844E+00   .4889808E-01   .2447370E-01
  -.1497267E-01  -.5441903E-01
  -.6584749E-01  -.7805232E-02   .1142665E+00   .1687072E+00   .1108109E+00
   .2267460E-01  -.4128213E-02  -.3498785E-01  -.6584749E-01  -.7805232E-02
   .1142665E+00   .1687072E+00   .1108109E+00   .2267460E-01  -.4128213E-02
  -.3498785E-01  -.6584749E-01
  -.8174298E-01  -.1857539E-01   .7313400E-01   .1056899E+00   .7382124E-01
   .9988452E-02  -.2202827E-01  -.5188563E-01  -.8174298E-01  -.1857539E-01
   .7313400E-01   .1056899E+00   .7382124E-01   .9988452E-02  -.2202827E-01
  -.5188563E-01  -.8174298E-01
  -.8305708E-01  -.1243145E-01   .7326828E-01   .9000288E-01   .5051700E-01
  -.7282800E-02  -.3610848E-01  -.5958278E-01  -.8305708E-01  -.1243145E-01
   .7326828E-01   .9000288E-01   .5051700E-01  -.7282800E-02  -.3610848E-01
  -.5958278E-01  -.8305708E-01
  -.7052768E-01  -.2837667E-02   .5241780E-01   .5158908E-01   .2147170E-01
   .8747459E-02  -.2235924E-01  -.4644346E-01  -.7052768E-01  -.2837667E-02
   .5241780E-01   .5158908E-01   .2147170E-01   .8747459E-02  -.2235924E-01
  -.4644346E-01  -.7052768E-01
  -.6501163E-01  -.2846430E-01   .9130320E-03  -.5953752E-02  -.1293325E-01
   .2478103E-01  -.1167296E-01  -.3834230E-01  -.6501163E-01  -.2846430E-01
   .9130320E-03  -.5953752E-02  -.1293325E-01   .2478103E-01  -.1167296E-01
  -.3834230E-01  -.6501163E-01
  -.3477689E-01  -.5474592E-02   .7259364E-03   .2288301E-02   .3477132E-01
   .6733944E-01   .1259988E-01  -.1108850E-01  -.3477689E-01  -.5474592E-02
   .7259364E-03   .2288301E-02   .3477132E-01   .6733944E-01   .1259988E-01
  -.1108850E-01  -.3477689E-01
   .3232015E-02   .4813992E-01   .5481432E-01   .3801060E-01   .6011856E-01
   .6609204E-01   .1439255E-01   .8812281E-02   .3232015E-02   .4813992E-01
   .5481432E-01   .3801060E-01   .6011856E-01   .6609204E-01   .1439255E-01
   .8812281E-02   .3232015E-02
Q2_(K/hour)                                       
  -.1566377E+00  -.1345982E+00   .1438906E+00   .2588580E+00   .2077769E+00
   .6791507E-01   .2852925E-01  -.6405424E-01  -.1566377E+00  -.1345982E+00
   .1438906E+00   .2588580E+00   .2077769E+00   .6791507E-01   .2852925E-01
  -.6405424E-01  -.1566377E+00
   .5810490E-01   .6963912E-01   .5736348E-01   .5897268E-01   .1092683E+00
   .2632766E-01   .2392459E-01   .4101475E-01   .5810490E-01   .6963912E-01
   .5736348E-01   .5897268E-01   .1092683E+00   .2632766E-01   .2392459E-01
   .4101475E-01   .5810490E-01
   .9222375E-01   .8634708E-02  -.1819843E+00  -.1742321E+00   .3137872E-01
   .2738347E-01   .2958772E-01   .6090573E-01   .9222375E-01   .8634708E-02
  -.1819843E+00  -.1742321E+00   .3137872E-01   .2738347E-01   .2958772E-01
   .6090573E-01   .9222375E-01
   .9054001E-03  -.9984312E-01  -.2588361E+00  -.2615501E+00  -.3869676E-02
   .1161464E+00   .5622354E-01   .2856447E-01   .9054001E-03  -.9984312E-01
  -.2588361E+00  -.2615501E+00  -.3869676E-02   .1161464E+00   .5622354E-01
   .2856447E-01   .9054001E-03
  -.1003122E+00  -.2193070E+00  -.3293428E+00  -.2510057E+00   .7407576E-01
   .2618856E+00   .1117422E+00   .5715020E-02  -.1003122E+00  -.2193070E+00
  -.3293428E+00  -.2510057E+00   .7407576E-01   .2618856E+00   .1117422E+00
   .5715020E-02  -.1003122E+00
  -.1862011E+00  -.2817666E+00  -.3205224E+00  -.2075929E+00   .2144322E-01
   .1871608E+00   .6936102E-01  -.5842004E-01  -.1862011E+00  -.2817666E+00
  -.3205224E+00  -.2075929E+00   .2144322E-01   .1871608E+00   .6936102E-01
  -.5842004E-01  -.1862011E+00
  -.1849075E+00  -.2723594E+00  -.2882426E+00  -.2175383E+00  -.1357034E+00
   .6623496E-02   .3301038E-02  -.9080321E-01  -.1849075E+00  -.2723594E+00
  -.2882426E+00  -.2175383E+00  -.1357034E+00   .6623496E-02   .3301038E-02
  -.9080321E-01  -.1849075E+00
  -.8710196E-01  -.1558555E+00  -.1554041E+00  -.1609243E+00  -.2294662E+00
  -.1427620E+00  -.2176137E-01  -.5443167E-01  -.8710196E-01  -.1558555E+00
  -.1554041E+00  -.1609243E+00  -.2294662E+00  -.1427620E+00  -.2176137E-01
  -.5443167E-01  -.8710196E-01
  -.2705868E-01  -.5208228E-01  -.2739020E-01  -.2891675E-01  -.1697666E+00
  -.1883412E+00  -.4857174E-01  -.3781521E-01  -.2705868E-01  -.5208228E-01
  -.2739020E-01  -.2891675E-01  -.1697666E+00  -.1883412E+00  -.4857174E-01
  -.3781521E-01  -.2705868E-01
   .1414027E-01  -.1434917E-01  -.1302923E-01   .9906732E-02  -.1107522E+00
  -.1765415E+00  -.5676799E-01  -.2131386E-01   .1414027E-01  -.1434917E-01
  -.1302923E-01   .9906732E-02  -.1107522E+00  -.1765415E+00  -.5676799E-01
  -.2131386E-01   .1414027E-01
   .4994690E-01   .2948223E-01  -.1107684E-01  -.1660533E-01  -.1114394E+00
  -.1594120E+00  -.5899438E-01  -.4523739E-02   .4994690E-01   .2948223E-01
  -.1107684E-01  -.1660533E-01  -.1114394E+00  -.1594120E+00  -.5899438E-01
  -.4523739E-02   .4994690E-01
   .2795265E-01  -.6372684E-02  -.5958612E-01  -.7484184E-01  -.1066651E+00
  -.8552232E-01  -.1431444E-01   .6819109E-02   .2795265E-01  -.6372684E-02
  -.5958612E-01  -.7484184E-01  -.1066651E+00  -.8552232E-01  -.1431444E-01
   .6819109E-02   .2795265E-01
   .2492576E-01  -.3894624E-02  -.6558336E-01  -.7602696E-01  -.7046928E-01
  -.1102003E-01   .2089950E-01   .2291263E-01   .2492576E-01  -.3894624E-02
  -.6558336E-01  -.7602696E-01  -.7046928E-01  -.1102003E-01   .2089950E-01
   .2291263E-01   .2492576E-01
   .7837405E-02  -.4426416E-02  -.4436820E-01  -.4629888E-01  -.3116351E-01
   .1793606E-01   .1869543E-01   .1326642E-01   .7837405E-02  -.4426416E-02
  -.4436820E-01  -.4629888E-01  -.3116351E-01   .1793606E-01   .1869543E-01
   .1326642E-01   .7837405E-02
   .5983294E-02   .2969100E-02  -.2453180E-01  -.2739326E-01  -.2084641E-01
   .5738652E-02   .4674571E-02   .5328932E-02   .5983294E-02   .2969100E-02
  -.2453180E-01  -.2739326E-01  -.2084641E-01   .5738652E-02   .4674571E-02
   .5328932E-02   .5983294E-02
   .2727114E-02   .8327124E-03  -.1369559E-01  -.1580231E-01  -.1431990E-01
  -.2835594E-02  -.8670726E-03   .9300209E-03   .2727114E-02   .8327124E-03
  -.1369559E-01  -.1580231E-01  -.1431990E-01  -.2835594E-02  -.8670726E-03
   .9300209E-03   .2727114E-02
   .8398071E-03  -.4999680E-03  -.4127400E-02  -.4046112E-02  -.3027697E-02
  -.1621850E-03   .4070188E-03   .6234130E-03   .8398071E-03  -.4999680E-03
  -.4127400E-02  -.4046112E-02  -.3027697E-02  -.1621850E-03   .4070188E-03
   .6234130E-03   .8398071E-03
   .3219568E-03  -.4640148E-03  -.1206187E-02  -.7364592E-03   .1165561E-03
   .2571347E-03   .3184219E-03   .3201893E-03   .3219568E-03  -.4640148E-03
  -.1206187E-02  -.7364592E-03   .1165561E-03   .2571347E-03   .3184219E-03
   .3201893E-03   .3219568E-03
Total radiative heating idealized case (K/day)
  -.3867370E+01  -.9437038E+00   .3279568E+01   .3491005E+01   .3179960E+00
  -.3563539E+01  -.4864929E+01  -.4350163E+01  -.3867370E+01  -.9437038E+00
   .3279568E+01   .3491005E+01   .3179960E+00  -.3563539E+01  -.4864929E+01
  -.4350163E+01  -.3867370E+01
  -.3087036E+01  -.8644809E+00   .1899312E+01   .1892331E+01  -.8682765E-01
  -.1842751E+01  -.3281245E+01  -.3491231E+01  -.3087036E+01  -.8644809E+00
   .1899312E+01   .1892331E+01  -.8682765E-01  -.1842751E+01  -.3281245E+01
  -.3491231E+01  -.3087036E+01
  -.2838080E+01  -.9134414E+00   .1061002E+01   .1546524E+01  -.1895735E+00
  -.1981932E+01  -.2895933E+01  -.3198640E+01  -.2838080E+01  -.9134414E+00
   .1061002E+01   .1546524E+01  -.1895735E+00  -.1981932E+01  -.2895933E+01
  -.3198640E+01  -.2838080E+01
  -.2796604E+01  -.6982704E+00   .1151711E+01   .8755094E+00  -.3523057E+00
  -.1913864E+01  -.2814059E+01  -.3134714E+01  -.2796604E+01  -.6982704E+00
   .1151711E+01   .8755094E+00  -.3523057E+00  -.1913864E+01  -.2814059E+01
  -.3134714E+01  -.2796604E+01
  -.2680587E+01  -.5366148E+00   .1186146E+01   .6456953E+00  -.1644712E+01
  -.3054163E+01  -.3096808E+01  -.3154263E+01  -.2680587E+01  -.5366148E+00
   .1186146E+01   .6456953E+00  -.1644712E+01  -.3054163E+01  -.3096808E+01
  -.3154263E+01  -.2680587E+01
  -.2442485E+01  -.2916573E+00   .1181932E+01   .7098126E+00  -.2031150E+01
  -.3241811E+01  -.3113050E+01  -.2991056E+01  -.2442485E+01  -.2916573E+00
   .1181932E+01   .7098126E+00  -.2031150E+01  -.3241811E+01  -.3113050E+01
  -.2991056E+01  -.2442485E+01
  -.2167791E+01  -.2415075E+00   .9281422E+00   .5617926E+00  -.1065317E+01
  -.2690809E+01  -.3053746E+01  -.2645833E+01  -.2167791E+01  -.2415075E+00
   .9281422E+00   .5617926E+00  -.1065317E+01  -.2690809E+01  -.3053746E+01
  -.2645833E+01  -.2167791E+01
  -.1712053E+01  -.2189050E+00   .7260165E+00   .4900903E+00  -.5656150E+00
  -.1544243E+01  -.2284874E+01  -.2072463E+01  -.1712053E+01  -.2189050E+00
   .7260165E+00   .4900903E+00  -.5656150E+00  -.1544243E+01  -.2284874E+01
  -.2072463E+01  -.1712053E+01
  -.1406971E+01  -.1938429E+00   .7387693E+00   .5495740E+00  -.5620997E+00
  -.1545807E+01  -.1935528E+01  -.1930948E+01  -.1406971E+01  -.1938429E+00
   .7387693E+00   .5495740E+00  -.5620997E+00  -.1545807E+01  -.1935528E+01
  -.1930948E+01  -.1406971E+01
  -.1569944E+01  -.3956247E+00   .5938859E+00   .4954197E+00  -.6265966E+00
  -.1628802E+01  -.1902504E+01  -.1967809E+01  -.1569944E+01  -.3956247E+00
   .5938859E+00   .4954197E+00  -.6265966E+00  -.1628802E+01  -.1902504E+01
  -.1967809E+01  -.1569944E+01
  -.1612240E+01  -.4640218E+00   .3844041E+00   .5113403E+00  -.3453308E+00
  -.1097269E+01  -.1659311E+01  -.1792680E+01  -.1612240E+01  -.4640218E+00
   .3844041E+00   .5113403E+00  -.3453308E+00  -.1097269E+01  -.1659311E+01
  -.1792680E+01  -.1612240E+01
  -.1374078E+01  -.3583995E+00   .4245075E+00   .7145232E+00  -.1200377E+00
  -.1306179E+01  -.1692640E+01  -.1740910E+01  -.1374078E+01  -.3583995E+00
   .4245075E+00   .7145232E+00  -.1200377E+00  -.1306179E+01  -.1692640E+01
  -.1740910E+01  -.1374078E+01
  -.1371049E+01  -.3670744E+00   .4365064E+00   .5257573E+00  -.2752405E+00
  -.1400615E+01  -.2153996E+01  -.2349175E+01  -.1371049E+01  -.3670744E+00
   .4365064E+00   .5257573E+00  -.2752405E+00  -.1400615E+01  -.2153996E+01
  -.2349175E+01  -.1371049E+01
  -.1419775E+01  -.4842038E+00   .3604439E+00   .5668442E+00  -.4210227E+00
  -.1250045E+01  -.2228679E+01  -.2824064E+01  -.1419775E+01  -.4842038E+00
   .3604439E+00   .5668442E+00  -.4210227E+00  -.1250045E+01  -.2228679E+01
  -.2824064E+01  -.1419775E+01
  -.7939980E+00  -.2438151E+00   .8957900E+00   .1890437E+01   .2338486E+00
  -.7301186E+00  -.1994794E+01  -.1858190E+01  -.7939980E+00  -.2438151E+00
   .8957900E+00   .1890437E+01   .2338486E+00  -.7301186E+00  -.1994794E+01
  -.1858190E+01  -.7939980E+00
  -.1698492E-01   .3160324E+00   .1086991E+01   .1564187E+01   .5056278E+00
  -.5262386E+00  -.1222305E+01  -.9789044E+00  -.1698492E-01   .3160324E+00
   .1086991E+01   .1564187E+01   .5056278E+00  -.5262386E+00  -.1222305E+01
  -.9789044E+00  -.1698492E-01
   .6604483E+00   .6242185E+00   .1274897E+01   .1056411E+01   .8297247E+00
   .4579909E+00  -.2120029E+00  -.3305153E+00   .6604483E+00   .6242185E+00
   .1274897E+01   .1056411E+01   .8297247E+00   .4579909E+00  -.2120029E+00
  -.3305153E+00   .6604483E+00
   .1250477E+01   .1237773E+01   .1704626E+01   .1607207E+01   .1545491E+01
   .1177068E+01   .1890299E+00   .6328749E-01   .1250477E+01   .1237773E+01
   .1704626E+01   .1607207E+01   .1545491E+01   .1177068E+01   .1890299E+00
   .6328749E-01   .1250477E+01
