 Length of each field (nt):
   48
 Number of Pressure levels (np):
   31
 Pressure Levels p (mb) [nt,np]: with p arranged from high Z to low --
  1.2549010E+01  1.2557130E+01  1.2554690E+01  1.2490970E+01  1.2326420E+01
  1.2066220E+01  1.1726930E+01  1.1328060E+01  1.0902100E+01  1.0484990E+01
  1.0110780E+01  9.8067017E+00  1.2802980E+01  1.2612060E+01  1.2498780E+01
  1.2440000E+01  1.2416320E+01  1.2422610E+01  1.2456970E+01  1.2513610E+01
  1.2571170E+01  1.2604000E+01  1.2595700E+01  1.2567440E+01  1.2549010E+01
  1.2557130E+01  1.2554690E+01  1.2490970E+01  1.2326420E+01  1.2066220E+01
  1.1726930E+01  1.1328060E+01  1.0902100E+01  1.0484990E+01  1.0110780E+01
  9.8067017E+00  1.2802980E+01  1.2612060E+01  1.2498780E+01  1.2440000E+01
  1.2416320E+01  1.2422610E+01  1.2456970E+01  1.2513610E+01  1.2571170E+01
  1.2604000E+01  1.2595700E+01  1.2567440E+01
  3.2549011E+01  3.2557129E+01  3.2554691E+01  3.2490971E+01  3.2326420E+01
  3.2066219E+01  3.1726931E+01  3.1328060E+01  3.0902100E+01  3.0484989E+01
  3.0110781E+01  2.9806700E+01  3.2802979E+01  3.2612061E+01  3.2498779E+01
  3.2439999E+01  3.2416321E+01  3.2422611E+01  3.2456970E+01  3.2513611E+01
  3.2571171E+01  3.2604000E+01  3.2595699E+01  3.2567440E+01  3.2549011E+01
  3.2557129E+01  3.2554691E+01  3.2490971E+01  3.2326420E+01  3.2066219E+01
  3.1726931E+01  3.1328060E+01  3.0902100E+01  3.0484989E+01  3.0110781E+01
  2.9806700E+01  3.2802979E+01  3.2612061E+01  3.2498779E+01  3.2439999E+01
  3.2416321E+01  3.2422611E+01  3.2456970E+01  3.2513611E+01  3.2571171E+01
  3.2604000E+01  3.2595699E+01  3.2567440E+01
  5.2549011E+01  5.2557129E+01  5.2554691E+01  5.2490971E+01  5.2326420E+01
  5.2066219E+01  5.1726929E+01  5.1328060E+01  5.0902100E+01  5.0484989E+01
  5.0110779E+01  4.9806702E+01  5.2802979E+01  5.2612061E+01  5.2498779E+01
  5.2439999E+01  5.2416321E+01  5.2422611E+01  5.2456970E+01  5.2513611E+01
  5.2571171E+01  5.2604000E+01  5.2595699E+01  5.2567440E+01  5.2549011E+01
  5.2557129E+01  5.2554691E+01  5.2490971E+01  5.2326420E+01  5.2066219E+01
  5.1726929E+01  5.1328060E+01  5.0902100E+01  5.0484989E+01  5.0110779E+01
  4.9806702E+01  5.2802979E+01  5.2612061E+01  5.2498779E+01  5.2439999E+01
  5.2416321E+01  5.2422611E+01  5.2456970E+01  5.2513611E+01  5.2571171E+01
  5.2604000E+01  5.2595699E+01  5.2567440E+01
  7.2549011E+01  7.2557129E+01  7.2554688E+01  7.2490967E+01  7.2326424E+01
  7.2066223E+01  7.1726929E+01  7.1328056E+01  7.0902100E+01  7.0484993E+01
  7.0110779E+01  6.9806702E+01  7.2802979E+01  7.2612061E+01  7.2498779E+01
  7.2440002E+01  7.2416321E+01  7.2422607E+01  7.2456970E+01  7.2513611E+01
  7.2571167E+01  7.2603996E+01  7.2595703E+01  7.2567436E+01  7.2549011E+01
  7.2557129E+01  7.2554688E+01  7.2490967E+01  7.2326424E+01  7.2066223E+01
  7.1726929E+01  7.1328056E+01  7.0902100E+01  7.0484993E+01  7.0110779E+01
  6.9806702E+01  7.2802979E+01  7.2612061E+01  7.2498779E+01  7.2440002E+01
  7.2416321E+01  7.2422607E+01  7.2456970E+01  7.2513611E+01  7.2571167E+01
  7.2603996E+01  7.2595703E+01  7.2567436E+01
  9.2618958E+01  9.2627083E+01  9.2624634E+01  9.2560913E+01  9.2396362E+01
  9.2136169E+01  9.1796883E+01  9.1398010E+01  9.0972054E+01  9.0554932E+01
  9.0180733E+01  8.9876648E+01  9.2872917E+01  9.2682007E+01  9.2568733E+01
  9.2509949E+01  9.2486267E+01  9.2492554E+01  9.2526917E+01  9.2583557E+01
  9.2641113E+01  9.2673950E+01  9.2665649E+01  9.2637390E+01  9.2618958E+01
  9.2627083E+01  9.2624634E+01  9.2560913E+01  9.2396362E+01  9.2136169E+01
  9.1796883E+01  9.1398010E+01  9.0972054E+01  9.0554932E+01  9.0180733E+01
  8.9876648E+01  9.2872917E+01  9.2682007E+01  9.2568733E+01  9.2509949E+01
  9.2486267E+01  9.2492554E+01  9.2526917E+01  9.2583557E+01  9.2641113E+01
  9.2673950E+01  9.2665649E+01  9.2637390E+01
  1.1313620E+02  1.1314430E+02  1.1314190E+02  1.1307820E+02  1.1291360E+02
  1.1265340E+02  1.1231410E+02  1.1191530E+02  1.1148930E+02  1.1107220E+02
  1.1069800E+02  1.1039390E+02  1.1339020E+02  1.1319930E+02  1.1308600E+02
  1.1302720E+02  1.1300350E+02  1.1300980E+02  1.1304420E+02  1.1310080E+02
  1.1315840E+02  1.1319120E+02  1.1318290E+02  1.1315470E+02  1.1313620E+02
  1.1314430E+02  1.1314190E+02  1.1307820E+02  1.1291360E+02  1.1265340E+02
  1.1231410E+02  1.1191530E+02  1.1148930E+02  1.1107220E+02  1.1069800E+02
  1.1039390E+02  1.1339020E+02  1.1319930E+02  1.1308600E+02  1.1302720E+02
  1.1300350E+02  1.1300980E+02  1.1304420E+02  1.1310080E+02  1.1315840E+02
  1.1319120E+02  1.1318290E+02  1.1315470E+02
  1.3467709E+02  1.3468520E+02  1.3468269E+02  1.3461900E+02  1.3445450E+02
  1.3419431E+02  1.3385500E+02  1.3345610E+02  1.3303020E+02  1.3261301E+02
  1.3223880E+02  1.3193480E+02  1.3493100E+02  1.3474010E+02  1.3462680E+02
  1.3456810E+02  1.3454440E+02  1.3455070E+02  1.3458501E+02  1.3464169E+02
  1.3469920E+02  1.3473210E+02  1.3472380E+02  1.3469550E+02  1.3467709E+02
  1.3468520E+02  1.3468269E+02  1.3461900E+02  1.3445450E+02  1.3419431E+02
  1.3385500E+02  1.3345610E+02  1.3303020E+02  1.3261301E+02  1.3223880E+02
  1.3193480E+02  1.3493100E+02  1.3474010E+02  1.3462680E+02  1.3456810E+02
  1.3454440E+02  1.3455070E+02  1.3458501E+02  1.3464169E+02  1.3469920E+02
  1.3473210E+02  1.3472380E+02  1.3469550E+02
  1.5768520E+02  1.5769341E+02  1.5769090E+02  1.5762720E+02  1.5746260E+02
  1.5720250E+02  1.5686320E+02  1.5646429E+02  1.5603830E+02  1.5562120E+02
  1.5524699E+02  1.5494290E+02  1.5793919E+02  1.5774831E+02  1.5763499E+02
  1.5757620E+02  1.5755260E+02  1.5755881E+02  1.5759320E+02  1.5764980E+02
  1.5770740E+02  1.5774020E+02  1.5773190E+02  1.5770370E+02  1.5768520E+02
  1.5769341E+02  1.5769090E+02  1.5762720E+02  1.5746260E+02  1.5720250E+02
  1.5686320E+02  1.5646429E+02  1.5603830E+02  1.5562120E+02  1.5524699E+02
  1.5494290E+02  1.5793919E+02  1.5774831E+02  1.5763499E+02  1.5757620E+02
  1.5755260E+02  1.5755881E+02  1.5759320E+02  1.5764980E+02  1.5770740E+02
  1.5774020E+02  1.5773190E+02  1.5770370E+02
  1.8243221E+02  1.8244031E+02  1.8243790E+02  1.8237410E+02  1.8220959E+02
  1.8194940E+02  1.8161011E+02  1.8121120E+02  1.8078529E+02  1.8036819E+02
  1.7999400E+02  1.7968990E+02  1.8268620E+02  1.8249519E+02  1.8238200E+02
  1.8232320E+02  1.8229950E+02  1.8230580E+02  1.8234010E+02  1.8239680E+02
  1.8245430E+02  1.8248720E+02  1.8247890E+02  1.8245061E+02  1.8243221E+02
  1.8244031E+02  1.8243790E+02  1.8237410E+02  1.8220959E+02  1.8194940E+02
  1.8161011E+02  1.8121120E+02  1.8078529E+02  1.8036819E+02  1.7999400E+02
  1.7968990E+02  1.8268620E+02  1.8249519E+02  1.8238200E+02  1.8232320E+02
  1.8229950E+02  1.8230580E+02  1.8234010E+02  1.8239680E+02  1.8245430E+02
  1.8248720E+02  1.8247890E+02  1.8245061E+02
  2.0905830E+02  2.0906641E+02  2.0906400E+02  2.0900020E+02  2.0883569E+02
  2.0857550E+02  2.0823621E+02  2.0783730E+02  2.0741141E+02  2.0699429E+02
  2.0662010E+02  2.0631599E+02  2.0931230E+02  2.0912131E+02  2.0900810E+02
  2.0894930E+02  2.0892560E+02  2.0893190E+02  2.0896620E+02  2.0902290E+02
  2.0908040E+02  2.0911330E+02  2.0910500E+02  2.0907671E+02  2.0905830E+02
  2.0906641E+02  2.0906400E+02  2.0900020E+02  2.0883569E+02  2.0857550E+02
  2.0823621E+02  2.0783730E+02  2.0741141E+02  2.0699429E+02  2.0662010E+02
  2.0631599E+02  2.0931230E+02  2.0912131E+02  2.0900810E+02  2.0894930E+02
  2.0892560E+02  2.0893190E+02  2.0896620E+02  2.0902290E+02  2.0908040E+02
  2.0911330E+02  2.0910500E+02  2.0907671E+02
  2.3760530E+02  2.3761340E+02  2.3761099E+02  2.3754720E+02  2.3738271E+02
  2.3712250E+02  2.3678320E+02  2.3638429E+02  2.3595840E+02  2.3554131E+02
  2.3516710E+02  2.3486301E+02  2.3785930E+02  2.3766830E+02  2.3755510E+02
  2.3749631E+02  2.3747260E+02  2.3747890E+02  2.3751320E+02  2.3756990E+02
  2.3762740E+02  2.3766029E+02  2.3765199E+02  2.3762370E+02  2.3760530E+02
  2.3761340E+02  2.3761099E+02  2.3754720E+02  2.3738271E+02  2.3712250E+02
  2.3678320E+02  2.3638429E+02  2.3595840E+02  2.3554131E+02  2.3516710E+02
  2.3486301E+02  2.3785930E+02  2.3766830E+02  2.3755510E+02  2.3749631E+02
  2.3747260E+02  2.3747890E+02  2.3751320E+02  2.3756990E+02  2.3762740E+02
  2.3766029E+02  2.3765199E+02  2.3762370E+02
  2.6804590E+02  2.6805399E+02  2.6805161E+02  2.6798792E+02  2.6782330E+02
  2.6756311E+02  2.6722379E+02  2.6682501E+02  2.6639899E+02  2.6598190E+02
  2.6560770E+02  2.6530359E+02  2.6829990E+02  2.6810889E+02  2.6799570E+02
  2.6793689E+02  2.6791321E+02  2.6791949E+02  2.6795389E+02  2.6801050E+02
  2.6806812E+02  2.6810089E+02  2.6809259E+02  2.6806430E+02  2.6804590E+02
  2.6805399E+02  2.6805161E+02  2.6798792E+02  2.6782330E+02  2.6756311E+02
  2.6722379E+02  2.6682501E+02  2.6639899E+02  2.6598190E+02  2.6560770E+02
  2.6530359E+02  2.6829990E+02  2.6810889E+02  2.6799570E+02  2.6793689E+02
  2.6791321E+02  2.6791949E+02  2.6795389E+02  2.6801050E+02  2.6806812E+02
  2.6810089E+02  2.6809259E+02  2.6806430E+02
  3.0030771E+02  3.0031580E+02  3.0031339E+02  3.0024960E+02  3.0008511E+02
  2.9982489E+02  2.9948560E+02  2.9908670E+02  2.9866080E+02  2.9824371E+02
  2.9786938E+02  2.9756540E+02  3.0056161E+02  3.0037070E+02  3.0025739E+02
  3.0019870E+02  3.0017499E+02  3.0018130E+02  3.0021561E+02  3.0027231E+02
  3.0032980E+02  3.0036270E+02  3.0035440E+02  3.0032611E+02  3.0030771E+02
  3.0031580E+02  3.0031339E+02  3.0024960E+02  3.0008511E+02  2.9982489E+02
  2.9948560E+02  2.9908670E+02  2.9866080E+02  2.9824371E+02  2.9786938E+02
  2.9756540E+02  3.0056161E+02  3.0037070E+02  3.0025739E+02  3.0019870E+02
  3.0017499E+02  3.0018130E+02  3.0021561E+02  3.0027231E+02  3.0032980E+02
  3.0036270E+02  3.0035440E+02  3.0032611E+02
  3.3429379E+02  3.3430191E+02  3.3429941E+02  3.3423569E+02  3.3407120E+02
  3.3381100E+02  3.3347171E+02  3.3307281E+02  3.3264691E+02  3.3222971E+02
  3.3185550E+02  3.3155151E+02  3.3454770E+02  3.3435681E+02  3.3424350E+02
  3.3418481E+02  3.3416110E+02  3.3416739E+02  3.3420169E+02  3.3425839E+02
  3.3431589E+02  3.3434879E+02  3.3434052E+02  3.3431219E+02  3.3429379E+02
  3.3430191E+02  3.3429941E+02  3.3423569E+02  3.3407120E+02  3.3381100E+02
  3.3347171E+02  3.3307281E+02  3.3264691E+02  3.3222971E+02  3.3185550E+02
  3.3155151E+02  3.3454770E+02  3.3435681E+02  3.3424350E+02  3.3418481E+02
  3.3416110E+02  3.3416739E+02  3.3420169E+02  3.3425839E+02  3.3431589E+02
  3.3434879E+02  3.3434052E+02  3.3431219E+02
  3.6989359E+02  3.6990170E+02  3.6989920E+02  3.6983551E+02  3.6967099E+02
  3.6941080E+02  3.6907150E+02  3.6867261E+02  3.6824661E+02  3.6782950E+02
  3.6745529E+02  3.6715121E+02  3.7014749E+02  3.6995660E+02  3.6984329E+02
  3.6978448E+02  3.6976089E+02  3.6976721E+02  3.6980151E+02  3.6985818E+02
  3.6991571E+02  3.6994849E+02  3.6994019E+02  3.6991199E+02  3.6989359E+02
  3.6990170E+02  3.6989920E+02  3.6983551E+02  3.6967099E+02  3.6941080E+02
  3.6907150E+02  3.6867261E+02  3.6824661E+02  3.6782950E+02  3.6745529E+02
  3.6715121E+02  3.7014749E+02  3.6995660E+02  3.6984329E+02  3.6978448E+02
  3.6976089E+02  3.6976721E+02  3.6980151E+02  3.6985818E+02  3.6991571E+02
  3.6994849E+02  3.6994019E+02  3.6991199E+02
  4.0699570E+02  4.0700381E+02  4.0700131E+02  4.0693759E+02  4.0677310E+02
  4.0651291E+02  4.0617361E+02  4.0577469E+02  4.0534879E+02  4.0493161E+02
  4.0455740E+02  4.0425339E+02  4.0724960E+02  4.0705869E+02  4.0694540E+02
  4.0688669E+02  4.0686301E+02  4.0686929E+02  4.0690359E+02  4.0696030E+02
  4.0701779E+02  4.0705069E+02  4.0704239E+02  4.0701410E+02  4.0699570E+02
  4.0700381E+02  4.0700131E+02  4.0693759E+02  4.0677310E+02  4.0651291E+02
  4.0617361E+02  4.0577469E+02  4.0534879E+02  4.0493161E+02  4.0455740E+02
  4.0425339E+02  4.0724960E+02  4.0705869E+02  4.0694540E+02  4.0688669E+02
  4.0686301E+02  4.0686929E+02  4.0690359E+02  4.0696030E+02  4.0701779E+02
  4.0705069E+02  4.0704239E+02  4.0701410E+02
  4.4548831E+02  4.4549640E+02  4.4549399E+02  4.4543021E+02  4.4526569E+02
  4.4500549E+02  4.4466620E+02  4.4426730E+02  4.4384140E+02  4.4342429E+02
  4.4304999E+02  4.4274600E+02  4.4574219E+02  4.4555130E+02  4.4543799E+02
  4.4537930E+02  4.4535559E+02  4.4536191E+02  4.4539621E+02  4.4545291E+02
  4.4551041E+02  4.4554330E+02  4.4553500E+02  4.4550671E+02  4.4548831E+02
  4.4549640E+02  4.4549399E+02  4.4543021E+02  4.4526569E+02  4.4500549E+02
  4.4466620E+02  4.4426730E+02  4.4384140E+02  4.4342429E+02  4.4304999E+02
  4.4274600E+02  4.4574219E+02  4.4555130E+02  4.4543799E+02  4.4537930E+02
  4.4535559E+02  4.4536191E+02  4.4539621E+02  4.4545291E+02  4.4551041E+02
  4.4554330E+02  4.4553500E+02  4.4550671E+02
  4.8526031E+02  4.8526840E+02  4.8526599E+02  4.8520221E+02  4.8503769E+02
  4.8477750E+02  4.8443820E+02  4.8403931E+02  4.8361340E+02  4.8319629E+02
  4.8282211E+02  4.8251801E+02  4.8551431E+02  4.8532330E+02  4.8521011E+02
  4.8515131E+02  4.8512759E+02  4.8513391E+02  4.8516821E+02  4.8522491E+02
  4.8528241E+02  4.8531531E+02  4.8530701E+02  4.8527869E+02  4.8526031E+02
  4.8526840E+02  4.8526599E+02  4.8520221E+02  4.8503769E+02  4.8477750E+02
  4.8443820E+02  4.8403931E+02  4.8361340E+02  4.8319629E+02  4.8282211E+02
  4.8251801E+02  4.8551431E+02  4.8532330E+02  4.8521011E+02  4.8515131E+02
  4.8512759E+02  4.8513391E+02  4.8516821E+02  4.8522491E+02  4.8528241E+02
  4.8531531E+02  4.8530701E+02  4.8527869E+02
  5.2619409E+02  5.2620221E+02  5.2619983E+02  5.2613599E+02  5.2597150E+02
  5.2571130E+02  5.2537201E+02  5.2497308E+02  5.2454718E+02  5.2413013E+02
  5.2375592E+02  5.2345178E+02  5.2644812E+02  5.2625708E+02  5.2614392E+02
  5.2608508E+02  5.2606140E+02  5.2606769E+02  5.2610211E+02  5.2615869E+02
  5.2621619E+02  5.2624908E+02  5.2624078E+02  5.2621252E+02  5.2619409E+02
  5.2620221E+02  5.2619983E+02  5.2613599E+02  5.2597150E+02  5.2571130E+02
  5.2537201E+02  5.2497308E+02  5.2454718E+02  5.2413013E+02  5.2375592E+02
  5.2345178E+02  5.2644812E+02  5.2625708E+02  5.2614392E+02  5.2608508E+02
  5.2606140E+02  5.2606769E+02  5.2610211E+02  5.2615869E+02  5.2621619E+02
  5.2624908E+02  5.2624078E+02  5.2621252E+02
  5.6815503E+02  5.6816309E+02  5.6816071E+02  5.6809698E+02  5.6793237E+02
  5.6767218E+02  5.6733289E+02  5.6693408E+02  5.6650812E+02  5.6609100E+02
  5.6571680E+02  5.6541272E+02  5.6840900E+02  5.6821808E+02  5.6810480E+02
  5.6804602E+02  5.6802228E+02  5.6802863E+02  5.6806299E+02  5.6811963E+02
  5.6817719E+02  5.6821002E+02  5.6820172E+02  5.6817352E+02  5.6815503E+02
  5.6816309E+02  5.6816071E+02  5.6809698E+02  5.6793237E+02  5.6767218E+02
  5.6733289E+02  5.6693408E+02  5.6650812E+02  5.6609100E+02  5.6571680E+02
  5.6541272E+02  5.6840900E+02  5.6821808E+02  5.6810480E+02  5.6804602E+02
  5.6802228E+02  5.6802863E+02  5.6806299E+02  5.6811963E+02  5.6817719E+02
  5.6821002E+02  5.6820172E+02  5.6817352E+02
  6.1097412E+02  6.1098218E+02  6.1097980E+02  6.1091608E+02  6.1075153E+02
  6.1049127E+02  6.1015198E+02  6.0975317E+02  6.0932721E+02  6.0891010E+02
  6.0853589E+02  6.0823181E+02  6.1122809E+02  6.1103717E+02  6.1092389E+02
  6.1086511E+02  6.1084137E+02  6.1084772E+02  6.1088208E+02  6.1093872E+02
  6.1099628E+02  6.1102911E+02  6.1102081E+02  6.1099261E+02  6.1097412E+02
  6.1098218E+02  6.1097980E+02  6.1091608E+02  6.1075153E+02  6.1049127E+02
  6.1015198E+02  6.0975317E+02  6.0932721E+02  6.0891010E+02  6.0853589E+02
  6.0823181E+02  6.1122809E+02  6.1103717E+02  6.1092389E+02  6.1086511E+02
  6.1084137E+02  6.1084772E+02  6.1088208E+02  6.1093872E+02  6.1099628E+02
  6.1102911E+02  6.1102081E+02  6.1099261E+02
  6.5442987E+02  6.5443799E+02  6.5443549E+02  6.5437183E+02  6.5420728E+02
  6.5394708E+02  6.5360779E+02  6.5320892E+02  6.5278302E+02  6.5236578E+02
  6.5199158E+02  6.5168762E+02  6.5468378E+02  6.5449292E+02  6.5437958E+02
  6.5432092E+02  6.5429718E+02  6.5430353E+02  6.5433783E+02  6.5439447E+02
  6.5445203E+02  6.5448492E+02  6.5447662E+02  6.5444830E+02  6.5442987E+02
  6.5443799E+02  6.5443549E+02  6.5437183E+02  6.5420728E+02  6.5394708E+02
  6.5360779E+02  6.5320892E+02  6.5278302E+02  6.5236578E+02  6.5199158E+02
  6.5168762E+02  6.5468378E+02  6.5449292E+02  6.5437958E+02  6.5432092E+02
  6.5429718E+02  6.5430353E+02  6.5433783E+02  6.5439447E+02  6.5445203E+02
  6.5448492E+02  6.5447662E+02  6.5444830E+02
  6.9821570E+02  6.9822382E+02  6.9822137E+02  6.9815771E+02  6.9799310E+02
  6.9773291E+02  6.9739362E+02  6.9699481E+02  6.9656879E+02  6.9615167E+02
  6.9577753E+02  6.9547339E+02  6.9846973E+02  6.9827869E+02  6.9816553E+02
  6.9810669E+02  6.9808301E+02  6.9808929E+02  6.9812372E+02  6.9818030E+02
  6.9823792E+02  6.9827069E+02  6.9826239E+02  6.9823407E+02  6.9821570E+02
  6.9822382E+02  6.9822137E+02  6.9815771E+02  6.9799310E+02  6.9773291E+02
  6.9739362E+02  6.9699481E+02  6.9656879E+02  6.9615167E+02  6.9577753E+02
  6.9547339E+02  6.9846973E+02  6.9827869E+02  6.9816553E+02  6.9810669E+02
  6.9808301E+02  6.9808929E+02  6.9812372E+02  6.9818030E+02  6.9823792E+02
  6.9827069E+02  6.9826239E+02  6.9823407E+02
  7.4191608E+02  7.4192432E+02  7.4192181E+02  7.4185809E+02  7.4169348E+02
  7.4143329E+02  7.4109412E+02  7.4069519E+02  7.4026923E+02  7.3985211E+02
  7.3947791E+02  7.3917383E+02  7.4217010E+02  7.4197919E+02  7.4186591E+02
  7.4180713E+02  7.4178339E+02  7.4178967E+02  7.4182410E+02  7.4188068E+02
  7.4193829E+02  7.4197113E+02  7.4196283E+02  7.4193457E+02  7.4191608E+02
  7.4192432E+02  7.4192181E+02  7.4185809E+02  7.4169348E+02  7.4143329E+02
  7.4109412E+02  7.4069519E+02  7.4026923E+02  7.3985211E+02  7.3947791E+02
  7.3917383E+02  7.4217010E+02  7.4197919E+02  7.4186591E+02  7.4180713E+02
  7.4178339E+02  7.4178967E+02  7.4182410E+02  7.4188068E+02  7.4193829E+02
  7.4197113E+02  7.4196283E+02  7.4193457E+02
  7.8496619E+02  7.8497430E+02  7.8497192E+02  7.8490808E+02  7.8474359E+02
  7.8448340E+02  7.8414410E+02  7.8374518E+02  7.8331927E+02  7.8290222E+02
  7.8252802E+02  7.8222388E+02  7.8522021E+02  7.8502917E+02  7.8491602E+02
  7.8485718E+02  7.8483350E+02  7.8483978E+02  7.8487408E+02  7.8493079E+02
  7.8498828E+02  7.8502118E+02  7.8501288E+02  7.8498462E+02  7.8496619E+02
  7.8497430E+02  7.8497192E+02  7.8490808E+02  7.8474359E+02  7.8448340E+02
  7.8414410E+02  7.8374518E+02  7.8331927E+02  7.8290222E+02  7.8252802E+02
  7.8222388E+02  7.8522021E+02  7.8502917E+02  7.8491602E+02  7.8485718E+02
  7.8483350E+02  7.8483978E+02  7.8487408E+02  7.8493079E+02  7.8498828E+02
  7.8502118E+02  7.8501288E+02  7.8498462E+02
  8.2660999E+02  8.2661810E+02  8.2661572E+02  8.2655188E+02  8.2638739E+02
  8.2612720E+02  8.2578790E+02  8.2538898E+02  8.2496307E+02  8.2454602E+02
  8.2417181E+02  8.2386768E+02  8.2686401E+02  8.2667297E+02  8.2655981E+02
  8.2650098E+02  8.2647729E+02  8.2648358E+02  8.2651788E+02  8.2657458E+02
  8.2663208E+02  8.2666498E+02  8.2665668E+02  8.2662842E+02  8.2660999E+02
  8.2661810E+02  8.2661572E+02  8.2655188E+02  8.2638739E+02  8.2612720E+02
  8.2578790E+02  8.2538898E+02  8.2496307E+02  8.2454602E+02  8.2417181E+02
  8.2386768E+02  8.2686401E+02  8.2667297E+02  8.2655981E+02  8.2650098E+02
  8.2647729E+02  8.2648358E+02  8.2651788E+02  8.2657458E+02  8.2663208E+02
  8.2666498E+02  8.2665668E+02  8.2662842E+02
  8.6585400E+02  8.6586212E+02  8.6585968E+02  8.6579602E+02  8.6563141E+02
  8.6537122E+02  8.6503192E+02  8.6463312E+02  8.6420709E+02  8.6378998E+02
  8.6341577E+02  8.6311169E+02  8.6610797E+02  8.6591711E+02  8.6580377E+02
  8.6574500E+02  8.6572131E+02  8.6572760E+02  8.6576202E+02  8.6581860E+02
  8.6587622E+02  8.6590900E+02  8.6590070E+02  8.6587238E+02  8.6585400E+02
  8.6586212E+02  8.6585968E+02  8.6579602E+02  8.6563141E+02  8.6537122E+02
  8.6503192E+02  8.6463312E+02  8.6420709E+02  8.6378998E+02  8.6341577E+02
  8.6311169E+02  8.6610797E+02  8.6591711E+02  8.6580377E+02  8.6574500E+02
  8.6572131E+02  8.6572760E+02  8.6576202E+02  8.6581860E+02  8.6587622E+02
  8.6590900E+02  8.6590070E+02  8.6587238E+02
  9.0141870E+02  9.0142682E+02  9.0142438E+02  9.0136072E+02  9.0119611E+02
  9.0093591E+02  9.0059662E+02  9.0019781E+02  8.9977179E+02  8.9935468E+02
  8.9898053E+02  8.9867639E+02  9.0167273E+02  9.0148181E+02  9.0136853E+02
  9.0130969E+02  9.0128601E+02  9.0129230E+02  9.0132672E+02  9.0138330E+02
  9.0144092E+02  9.0147369E+02  9.0146539E+02  9.0143707E+02  9.0141870E+02
  9.0142682E+02  9.0142438E+02  9.0136072E+02  9.0119611E+02  9.0093591E+02
  9.0059662E+02  9.0019781E+02  8.9977179E+02  8.9935468E+02  8.9898053E+02
  8.9867639E+02  9.0167273E+02  9.0148181E+02  9.0136853E+02  9.0130969E+02
  9.0128601E+02  9.0129230E+02  9.0132672E+02  9.0138330E+02  9.0144092E+02
  9.0147369E+02  9.0146539E+02  9.0143707E+02
  9.3168018E+02  9.3168842E+02  9.3168591E+02  9.3162219E+02  9.3145758E+02
  9.3119739E+02  9.3085822E+02  9.3045929E+02  9.3003333E+02  9.2961621E+02
  9.2924200E+02  9.2893793E+02  9.3193420E+02  9.3174329E+02  9.3163000E+02
  9.3157123E+02  9.3154749E+02  9.3155377E+02  9.3158820E+02  9.3164478E+02
  9.3170239E+02  9.3173523E+02  9.3172693E+02  9.3169873E+02  9.3168018E+02
  9.3168842E+02  9.3168591E+02  9.3162219E+02  9.3145758E+02  9.3119739E+02
  9.3085822E+02  9.3045929E+02  9.3003333E+02  9.2961621E+02  9.2924200E+02
  9.2893793E+02  9.3193420E+02  9.3174329E+02  9.3163000E+02  9.3157123E+02
  9.3154749E+02  9.3155377E+02  9.3158820E+02  9.3164478E+02  9.3170239E+02
  9.3173523E+02  9.3172693E+02  9.3169873E+02
  9.5460522E+02  9.5461328E+02  9.5461090E+02  9.5454718E+02  9.5438263E+02
  9.5412238E+02  9.5378308E+02  9.5338428E+02  9.5295831E+02  9.5254120E+02
  9.5216699E+02  9.5186292E+02  9.5485919E+02  9.5466827E+02  9.5455499E+02
  9.5449622E+02  9.5447247E+02  9.5447882E+02  9.5451318E+02  9.5456982E+02
  9.5462738E+02  9.5466022E+02  9.5465192E+02  9.5462372E+02  9.5460522E+02
  9.5461328E+02  9.5461090E+02  9.5454718E+02  9.5438263E+02  9.5412238E+02
  9.5378308E+02  9.5338428E+02  9.5295831E+02  9.5254120E+02  9.5216699E+02
  9.5186292E+02  9.5485919E+02  9.5466827E+02  9.5455499E+02  9.5449622E+02
  9.5447247E+02  9.5447882E+02  9.5451318E+02  9.5456982E+02  9.5462738E+02
  9.5466022E+02  9.5465192E+02  9.5462372E+02
  9.6769263E+02  9.6770068E+02  9.6769830E+02  9.6763458E+02  9.6746997E+02
  9.6720978E+02  9.6687048E+02  9.6647168E+02  9.6604572E+02  9.6562860E+02
  9.6525439E+02  9.6495032E+02  9.6794659E+02  9.6775568E+02  9.6764240E+02
  9.6758362E+02  9.6755988E+02  9.6756622E+02  9.6760059E+02  9.6765723E+02
  9.6771478E+02  9.6774762E+02  9.6773932E+02  9.6771112E+02  9.6769263E+02
  9.6770068E+02  9.6769830E+02  9.6763458E+02  9.6746997E+02  9.6720978E+02
  9.6687048E+02  9.6647168E+02  9.6604572E+02  9.6562860E+02  9.6525439E+02
  9.6495032E+02  9.6794659E+02  9.6775568E+02  9.6764240E+02  9.6758362E+02
  9.6755988E+02  9.6756622E+02  9.6760059E+02  9.6765723E+02  9.6771478E+02
  9.6774762E+02  9.6773932E+02  9.6771112E+02
  Julday t(nt)_days_with_fraction:
  1.4791718E+00  1.5208435E+00  1.5624847E+00  1.6041718E+00  1.6458435E+00
  1.6874847E+00  1.7291718E+00  1.7708435E+00  1.8124847E+00  1.8541718E+00
  1.8958435E+00  1.9374847E+00  1.9791718E+00  2.0208435E+00  2.0624847E+00
  2.1041718E+00  2.1458435E+00  2.1874847E+00  2.2291718E+00  2.2708435E+00
  2.3124847E+00  2.3541718E+00  2.3958435E+00  2.4374847E+00  2.4791718E+00
  2.5208435E+00  2.5624847E+00  2.6041718E+00  2.6458435E+00  2.6874847E+00
  2.7291718E+00  2.7708435E+00  2.8124847E+00  2.8541718E+00  2.8958435E+00
  2.9374847E+00  2.9791718E+00  3.0208435E+00  3.0624847E+00  3.1041718E+00
  3.1458435E+00  3.1874847E+00  3.2291718E+00  3.2708435E+00  3.3124847E+00
  3.3541718E+00  3.3958435E+00  3.4374847E+00
 Total radiative heating adjusted, for Subcase A (K/day) [nt,np]
 -4.2297316E-01  7.0995808E-02  3.2627487E+00  6.2039194E+00  6.0387068E+00
  7.7978001E+00  9.2576962E+00  9.5544729E+00  9.0546389E+00  8.1846085E+00
  8.5546541E+00  6.1844110E+00  2.7700195E+00  8.0891523E+00 -3.1592941E-01
 -4.2503228E+00 -4.2899518E+00 -4.3196931E+00 -4.3591504E+00 -4.2217584E+00
 -4.2131062E+00 -4.2017603E+00 -4.1625700E+00 -4.0763588E+00 -4.2297316E-01
  7.0995808E-02  3.2627487E+00  6.2039194E+00  6.0387068E+00  7.7978001E+00
  9.2576962E+00  9.5544729E+00  9.0546389E+00  8.1846085E+00  8.5546541E+00
  6.1844110E+00  2.7700195E+00  8.0891523E+00 -3.1592941E-01 -4.2503228E+00
 -4.2899518E+00 -4.3196931E+00 -4.3591504E+00 -4.2217584E+00 -4.2131062E+00
 -4.2017603E+00 -4.1625700E+00 -4.0763588E+00
  9.3991947E-01  5.2977657E-01  1.2747316E+00  2.0192547E+00  1.7785506E+00
  2.2700696E+00  2.7541785E+00  2.8723211E+00  2.6789899E+00  2.5013075E+00
  2.7911143E+00  2.2026348E+00  1.1052809E+00  3.8596716E+00  1.1349487E+00
 -3.7813568E-01 -6.6068316E-01 -8.9347219E-01 -1.1217430E+00 -1.3128707E+00
 -1.2711253E+00 -1.2307420E+00 -9.4339800E-01 -4.9370146E-01  9.3991947E-01
  5.2977657E-01  1.2747316E+00  2.0192547E+00  1.7785506E+00  2.2700696E+00
  2.7541785E+00  2.8723211E+00  2.6789899E+00  2.5013075E+00  2.7911143E+00
  2.2026348E+00  1.1052809E+00  3.8596716E+00  1.1349487E+00 -3.7813568E-01
 -6.6068316E-01 -8.9347219E-01 -1.1217430E+00 -1.3128707E+00 -1.2711253E+00
 -1.2307420E+00 -9.4339800E-01 -4.9370146E-01
  1.1551151E+00  8.7512064E-01  1.2389421E+00  1.6320972E+00  1.5417256E+00
  1.8475628E+00  2.2131715E+00  2.2464638E+00  2.1082768E+00  2.0216942E+00
  2.2009363E+00  1.8800554E+00  1.1171603E+00  2.5398698E+00  1.3291569E+00
  4.5882416E-01  1.8889141E-01 -8.5172653E-02 -3.6042213E-01 -5.4979134E-01
 -4.9981403E-01 -4.5063019E-01 -2.0172071E-01  3.2642031E-01  1.1551151E+00
  8.7512064E-01  1.2389421E+00  1.6320972E+00  1.5417256E+00  1.8475628E+00
  2.2131715E+00  2.2464638E+00  2.1082768E+00  2.0216942E+00  2.2009363E+00
  1.8800554E+00  1.1171603E+00  2.5398698E+00  1.3291569E+00  4.5882416E-01
  1.8889141E-01 -8.5172653E-02 -3.6042213E-01 -5.4979134E-01 -4.9981403E-01
 -4.5063019E-01 -2.0172071E-01  3.2642031E-01
  1.2144470E+00  1.0449128E+00  1.2329931E+00  1.4693222E+00  1.4220314E+00
  1.6534510E+00  1.9440823E+00  1.9355111E+00  1.7972832E+00  1.7669787E+00
  1.8968406E+00  1.7054276E+00  1.1190214E+00  1.9723492E+00  1.4566498E+00
  8.8589144E-01  5.1997089E-01  2.2718954E-01 -6.5523148E-02 -2.6530170E-01
 -2.1208143E-01 -1.5771389E-01  9.7386360E-02  6.6154814E-01  1.2144470E+00
  1.0449128E+00  1.2329931E+00  1.4693222E+00  1.4220314E+00  1.6534510E+00
  1.9440823E+00  1.9355111E+00  1.7972832E+00  1.7669787E+00  1.8968406E+00
  1.7054276E+00  1.1190214E+00  1.9723492E+00  1.4566498E+00  8.8589144E-01
  5.1997089E-01  2.2718954E-01 -6.5523148E-02 -2.6530170E-01 -2.1208143E-01
 -1.5771389E-01  9.7386360E-02  6.6154814E-01
  1.2792788E+00  1.1646004E+00  1.2595820E+00  1.4170985E+00  1.4558949E+00
  1.6467752E+00  1.9390082E+00  1.9318137E+00  1.8217101E+00  1.7975149E+00
  1.9039330E+00  1.7655716E+00  1.1920681E+00  1.7457948E+00  1.5850492E+00
  1.1623111E+00  7.4723625E-01  4.4112396E-01  1.3774109E-01 -1.2380362E-01
 -6.9244862E-02 -1.4921665E-02  2.7518845E-01  8.6051607E-01  1.2792788E+00
  1.1646004E+00  1.2595820E+00  1.4170985E+00  1.4558949E+00  1.6467752E+00
  1.9390082E+00  1.9318137E+00  1.8217101E+00  1.7975149E+00  1.9039330E+00
  1.7655716E+00  1.1920681E+00  1.7457948E+00  1.5850492E+00  1.1623111E+00
  7.4723625E-01  4.4112396E-01  1.3774109E-01 -1.2380362E-01 -6.9244862E-02
 -1.4921665E-02  2.7518845E-01  8.6051607E-01
  1.2652187E+00  1.1013360E+00  1.1493669E+00  1.2585430E+00  1.3067317E+00
  1.4804811E+00  1.7409191E+00  1.7742381E+00  1.6516566E+00  1.6620426E+00
  1.7470484E+00  1.6503701E+00  1.5840344E+00  1.4923658E+00  1.5243163E+00
  1.1904702E+00  8.1403494E-01  5.0759125E-01  1.9822407E-01 -4.0434361E-02
  1.7160416E-02  7.0211411E-02  3.4414196E-01  9.3163347E-01  1.2652187E+00
  1.1013360E+00  1.1493669E+00  1.2585430E+00  1.3067317E+00  1.4804811E+00
  1.7409191E+00  1.7742381E+00  1.6516566E+00  1.6620426E+00  1.7470484E+00
  1.6503701E+00  1.5840344E+00  1.4923658E+00  1.5243163E+00  1.1904702E+00
  8.1403494E-01  5.0759125E-01  1.9822407E-01 -4.0434361E-02  1.7160416E-02
  7.0211411E-02  3.4414196E-01  9.3163347E-01
  1.0948391E+00  9.4027615E-01  9.4813061E-01  1.0257440E+00  1.0531898E+00
  1.2137089E+00  1.4498463E+00  1.4711952E+00  1.3683939E+00  1.3613162E+00
  1.5001831E+00  1.3736253E+00  1.0682845E+00  1.1771989E+00  1.3183885E+00
  1.0441308E+00  7.0177507E-01  3.9915848E-01  9.6961021E-02 -1.2260485E-01
 -6.8721294E-02 -1.2245178E-02  2.6449728E-01  8.4605789E-01  1.0948391E+00
  9.4027615E-01  9.4813061E-01  1.0257440E+00  1.0531898E+00  1.2137089E+00
  1.4498463E+00  1.4711952E+00  1.3683939E+00  1.3613162E+00  1.5001831E+00
  1.3736253E+00  1.0682845E+00  1.1771989E+00  1.3183885E+00  1.0441308E+00
  7.0177507E-01  3.9915848E-01  9.6961021E-02 -1.2260485E-01 -6.8721294E-02
 -1.2245178E-02  2.6449728E-01  8.4605789E-01
  7.6230669E-01  6.3923407E-01  6.4089012E-01  7.0729637E-01  8.0989647E-01
  9.7979641E-01  1.2400880E+00  1.0775790E+00  9.7743034E-01  9.7817135E-01
  1.6829677E+00  1.4788613E+00  9.0034723E-01  7.2838879E-01  8.8538599E-01
  6.4139509E-01  4.5829010E-01  1.6881895E-01 -1.1961222E-01 -3.4857512E-01
 -2.9810476E-01 -2.4422550E-01  1.4900684E-02  5.6882429E-01  7.6230669E-01
  6.3923407E-01  6.4089012E-01  7.0729637E-01  8.0989647E-01  9.7979641E-01
  1.2400880E+00  1.0775790E+00  9.7743034E-01  9.7817135E-01  1.6829677E+00
  1.4788613E+00  9.0034723E-01  7.2838879E-01  8.8538599E-01  6.4139509E-01
  4.5829010E-01  1.6881895E-01 -1.1961222E-01 -3.4857512E-01 -2.9810476E-01
 -2.4422550E-01  1.4900684E-02  5.6882429E-01
  4.1770554E-01  3.3177948E-01  3.5153532E-01  4.2844439E-01  8.6397219E-01
  1.0767322E+00  1.3459549E+00  1.3932524E+00  1.2626462E+00  1.1846142E+00
  1.2650018E+00  1.0856566E+00  6.5282631E-01  2.6758957E-01  2.9539824E-01
  3.0023098E-02  1.1303282E-01 -1.5787220E-01 -4.2829943E-01 -6.3710022E-01
 -5.8741522E-01 -5.3836775E-01 -2.8056526E-01  2.3964024E-01  4.1770554E-01
  3.3177948E-01  3.5153532E-01  4.2844439E-01  8.6397219E-01  1.0767322E+00
  1.3459549E+00  1.3932524E+00  1.2626462E+00  1.1846142E+00  1.2650018E+00
  1.0856566E+00  6.5282631E-01  2.6758957E-01  2.9539824E-01  3.0023098E-02
  1.1303282E-01 -1.5787220E-01 -4.2829943E-01 -6.3710022E-01 -5.8741522E-01
 -5.3836775E-01 -2.8056526E-01  2.3964024E-01
  6.9231987E-02  1.0184336E-01  2.0932817E-01  3.6445665E-01  5.7054090E-01
  7.7859688E-01  1.0529771E+00  2.0392895E+00  1.8860402E+00  1.7770362E+00
  1.3465695E+00  1.0270448E+00  2.5400257E-01  6.5979004E-02 -8.1300259E-02
 -4.0437794E-01 -6.7953014E-01 -9.1044521E-01 -1.1404660E+00 -9.5935726E-01
 -9.1375685E-01 -8.6867952E-01 -5.9635735E-01 -1.0875940E-01  6.9231987E-02
  1.0184336E-01  2.0932817E-01  3.6445665E-01  5.7054090E-01  7.7859688E-01
  1.0529771E+00  2.0392895E+00  1.8860402E+00  1.7770362E+00  1.3465695E+00
  1.0270448E+00  2.5400257E-01  6.5979004E-02 -8.1300259E-02 -4.0437794E-01
 -6.7953014E-01 -9.1044521E-01 -1.1404660E+00 -9.5935726E-01 -9.1375685E-01
 -8.6867952E-01 -5.9635735E-01 -1.0875940E-01
 -3.4499884E-01 -1.5148163E-01 -2.7703762E-02  1.3405418E-01  6.3581371E-01
  8.9147472E-01  1.1965365E+00  1.2203336E+00  1.0950952E+00  1.0180511E+00
  1.9279733E+00  1.5669909E+00  1.5169287E+00 -3.3523750E-01 -6.2009144E-01
 -9.7931242E-01 -1.1182861E+00 -1.3206763E+00 -1.5276613E+00 -1.4815671E+00
 -1.4421926E+00 -1.4032042E+00 -9.9260426E-01 -5.5025101E-01 -3.4499884E-01
 -1.5148163E-01 -2.7703762E-02  1.3405418E-01  6.3581371E-01  8.9147472E-01
  1.1965365E+00  1.2203336E+00  1.0950952E+00  1.0180511E+00  1.9279733E+00
  1.5669909E+00  1.5169287E+00 -3.3523750E-01 -6.2009144E-01 -9.7931242E-01
 -1.1182861E+00 -1.3206763E+00 -1.5276613E+00 -1.4815671E+00 -1.4421926E+00
 -1.4032042E+00 -9.9260426E-01 -5.5025101E-01
 -8.4392023E-01 -6.3771439E-01 -4.7707272E-01 -2.8494167E-01  3.1390381E-01
  5.7557964E-01  8.7208796E-01  2.2293243E+00  2.0564570E+00  1.9195147E+00
  9.7296095E-01  7.4180555E-01  7.7845573E-02 -7.5528622E-02 -3.3457375E-01
 -7.0350933E-01 -1.6895957E+00 -1.8680260E+00 -2.0449946E+00 -1.9767842E+00
 -1.9416120E+00 -1.9097946E+00 -1.4655433E+00 -1.0745609E+00 -8.4392023E-01
 -6.3771439E-01 -4.7707272E-01 -2.8494167E-01  3.1390381E-01  5.7557964E-01
  8.7208796E-01  2.2293243E+00  2.0564570E+00  1.9195147E+00  9.7296095E-01
  7.4180555E-01  7.7845573E-02 -7.5528622E-02 -3.3457375E-01 -7.0350933E-01
 -1.6895957E+00 -1.8680260E+00 -2.0449946E+00 -1.9767842E+00 -1.9416120E+00
 -1.9097946E+00 -1.4655433E+00 -1.0745609E+00
 -1.3772111E+00 -1.0772700E+00 -8.3143044E-01 -5.6345081E-01 -1.6718817E-01
  9.0281010E-02  3.7950850E-01  9.0524578E-01  7.8254557E-01  6.9517946E-01
  3.7645721E-01  1.6754866E-01 -3.4849262E-01 -6.0489035E-01 -8.4115839E-01
 -1.1719155E+00 -1.8837047E+00 -2.0450926E+00 -2.2121975E+00 -2.6404073E+00
 -2.6175606E+00 -2.5888405E+00 -1.9715889E+00 -1.6368136E+00 -1.3772111E+00
 -1.0772700E+00 -8.3143044E-01 -5.6345081E-01 -1.6718817E-01  9.0281010E-02
  3.7950850E-01  9.0524578E-01  7.8254557E-01  6.9517946E-01  3.7645721E-01
  1.6754866E-01 -3.4849262E-01 -6.0489035E-01 -8.4115839E-01 -1.1719155E+00
 -1.8837047E+00 -2.0450926E+00 -2.2121975E+00 -2.6404073E+00 -2.6175606E+00
 -2.5888405E+00 -1.9715889E+00 -1.6368136E+00
 -1.4756684E+00 -1.0433416E+00 -7.2013044E-01 -3.8085938E-01 -2.1426821E-01
  5.0826550E-02  3.3774519E-01  6.4852953E-01  5.2400923E-01  4.3488312E-01
  2.3027325E-01 -1.4144421E-02 -5.1921892E-01 -8.5405445E-01 -1.0479009E+00
 -1.3513131E+00 -1.9237914E+00 -2.0879793E+00 -2.2500858E+00 -3.1759417E+00
 -3.1513186E+00 -3.1350005E+00 -2.0489175E+00 -1.7224517E+00 -1.4756684E+00
 -1.0433416E+00 -7.2013044E-01 -3.8085938E-01 -2.1426821E-01  5.0826550E-02
  3.3774519E-01  6.4852953E-01  5.2400923E-01  4.3488312E-01  2.3027325E-01
 -1.4144421E-02 -5.1921892E-01 -8.5405445E-01 -1.0479009E+00 -1.3513131E+00
 -1.9237914E+00 -2.0879793E+00 -2.2500858E+00 -3.1759417E+00 -3.1513186E+00
 -3.1350005E+00 -2.0489175E+00 -1.7224517E+00
 -1.3543756E+00 -1.0528023E+00 -7.1449518E-01 -3.6490774E-01 -1.2354708E-01
  1.4959002E-01  4.4926023E-01  7.6876259E-01  6.3763714E-01  5.3360367E-01
  1.5458727E-01 -1.5454292E-01 -2.3399973E-01 -9.1394663E-01 -1.1102107E+00
 -1.4082704E+00 -1.8010862E+00 -1.9696221E+00 -2.1390150E+00 -2.2853339E+00
 -2.2560108E+00 -2.2223077E+00 -1.9268770E+00 -1.5870724E+00 -1.3543756E+00
 -1.0528023E+00 -7.1449518E-01 -3.6490774E-01 -1.2354708E-01  1.4959002E-01
  4.4926023E-01  7.6876259E-01  6.3763714E-01  5.3360367E-01  1.5458727E-01
 -1.5454292E-01 -2.3399973E-01 -9.1394663E-01 -1.1102107E+00 -1.4082704E+00
 -1.8010862E+00 -1.9696221E+00 -2.1390150E+00 -2.2853339E+00 -2.2560108E+00
 -2.2223077E+00 -1.9268770E+00 -1.5870724E+00
 -1.3352392E+00 -1.0127921E+00 -6.8297863E-01 -3.4094572E-01 -1.3919687E-01
  1.4186382E-01  4.4592094E-01  9.9119329E-01  8.5034132E-01  7.3734331E-01
  6.9642115E-01  3.7893391E-01 -1.0284853E-01 -9.2572498E-01 -1.0925784E+00
 -1.3807983E+00 -1.3188381E+00 -1.5141973E+00 -1.7111838E+00 -1.8118291E+00
 -1.7757039E+00 -1.7431664E+00 -1.8927712E+00 -1.5479245E+00 -1.3352392E+00
 -1.0127921E+00 -6.8297863E-01 -3.4094572E-01 -1.3919687E-01  1.4186382E-01
  4.4592094E-01  9.9119329E-01  8.5034132E-01  7.3734331E-01  6.9642115E-01
  3.7893391E-01 -1.0284853E-01 -9.2572498E-01 -1.0925784E+00 -1.3807983E+00
 -1.3188381E+00 -1.5141973E+00 -1.7111838E+00 -1.8118291E+00 -1.7757039E+00
 -1.7431664E+00 -1.8927712E+00 -1.5479245E+00
 -1.5220137E+00 -1.1771894E+00 -8.0480671E-01 -4.2427588E-01 -2.7952051E-01
  3.0629635E-02  3.5253525E-01  9.1129255E-01  7.7458048E-01  6.5009928E-01
  5.2358580E-01  2.3556900E-01 -1.8821907E-01 -7.2820997E-01 -7.8017616E-01
 -1.0267737E+00 -1.2229526E+00 -1.4223049E+00 -1.6230206E+00 -1.8051031E+00
 -1.7690892E+00 -1.7322383E+00 -2.0645523E+00 -1.7412660E+00 -1.5220137E+00
 -1.1771894E+00 -8.0480671E-01 -4.2427588E-01 -2.7952051E-01  3.0629635E-02
  3.5253525E-01  9.1129255E-01  7.7458048E-01  6.5009928E-01  5.2358580E-01
  2.3556900E-01 -1.8821907E-01 -7.2820997E-01 -7.8017616E-01 -1.0267737E+00
 -1.2229526E+00 -1.4223049E+00 -1.6230206E+00 -1.8051031E+00 -1.7690892E+00
 -1.7322383E+00 -2.0645523E+00 -1.7412660E+00
 -1.7059276E+00 -1.4672482E+00 -9.8183441E-01 -5.0505209E-01 -3.3898687E-01
  4.6578407E-02  4.1486931E-01  6.9600630E-01  5.5126238E-01  3.9431524E-01
  1.4023399E-01 -2.1131849E-01 -5.1269341E-01 -8.8957882E-01 -9.3159342E-01
 -1.1696715E+00 -1.3036180E+00 -1.4999695E+00 -1.6966455E+00 -1.9230280E+00
 -1.8881712E+00 -1.8557897E+00 -2.2379553E+00 -1.9291255E+00 -1.7059276E+00
 -1.4672482E+00 -9.8183441E-01 -5.0505209E-01 -3.3898687E-01  4.6578407E-02
  4.1486931E-01  6.9600630E-01  5.5126238E-01  3.9431524E-01  1.4023399E-01
 -2.1131849E-01 -5.1269341E-01 -8.8957882E-01 -9.3159342E-01 -1.1696715E+00
 -1.3036180E+00 -1.4999695E+00 -1.6966455E+00 -1.9230280E+00 -1.8881712E+00
 -1.8557897E+00 -2.2379553E+00 -1.9291255E+00
 -1.5187600E+00 -1.3667340E+00 -8.5833025E-01 -3.5472965E-01 -1.8280172E-01
  2.4597740E-01  6.5464020E-01  8.7617350E-01  7.2102976E-01  5.2444458E-01
  6.5169334E-02 -4.3869257E-01 -6.7082071E-01 -1.3069882E+00 -1.5184791E+00
 -1.7993116E+00 -1.6217084E+00 -1.7990308E+00 -1.9791157E+00 -2.0764441E+00
 -2.0448496E+00 -2.0102592E+00 -2.0421045E+00 -1.7166939E+00 -1.5187600E+00
 -1.3667340E+00 -8.5833025E-01 -3.5472965E-01 -1.8280172E-01  2.4597740E-01
  6.5464020E-01  8.7617350E-01  7.2102976E-01  5.2444458E-01  6.5169334E-02
 -4.3869257E-01 -6.7082071E-01 -1.3069882E+00 -1.5184791E+00 -1.7993116E+00
 -1.6217084E+00 -1.7990308E+00 -1.9791157E+00 -2.0764441E+00 -2.0448496E+00
 -2.0102592E+00 -2.0421045E+00 -1.7166939E+00
 -1.3978822E+00 -1.1146524E+00 -6.4402723E-01 -1.8102217E-01 -3.6842346E-02
  3.5911083E-01  7.4372196E-01  8.7062931E-01  7.2163677E-01  5.5024481E-01
  2.7278233E-01 -2.0374680E-01 -5.5248594E-01 -1.1125598E+00 -1.2549026E+00
 -1.5259645E+00 -1.5662503E+00 -1.7489400E+00 -1.9320955E+00 -1.9904943E+00
 -1.9555721E+00 -1.9243777E+00 -1.9066057E+00 -1.5622013E+00 -1.3978822E+00
 -1.1146524E+00 -6.4402723E-01 -1.8102217E-01 -3.6842346E-02  3.5911083E-01
  7.4372196E-01  8.7062931E-01  7.2163677E-01  5.5024481E-01  2.7278233E-01
 -2.0374680E-01 -5.5248594E-01 -1.1125598E+00 -1.2549026E+00 -1.5259645E+00
 -1.5662503E+00 -1.7489400E+00 -1.9320955E+00 -1.9904943E+00 -1.9555721E+00
 -1.9243777E+00 -1.9066057E+00 -1.5622013E+00
 -1.6722274E+00 -1.2725570E+00 -7.4358654E-01 -2.1523142E-01 -9.4891548E-02
  3.1605434E-01  7.1078253E-01  7.9774189E-01  6.5032673E-01  4.9451017E-01
  3.7363100E-01 -9.0466976E-02 -5.4381800E-01 -1.1695030E+00 -1.2062132E+00
 -1.4304237E+00 -1.8738463E+00 -2.0386510E+00 -2.2049727E+00 -2.0884998E+00
 -2.0565221E+00 -2.0219603E+00 -2.1601722E+00 -1.8478475E+00 -1.6722274E+00
 -1.2725570E+00 -7.4358654E-01 -2.1523142E-01 -9.4891548E-02  3.1605434E-01
  7.1078253E-01  7.9774189E-01  6.5032673E-01  4.9451017E-01  3.7363100E-01
 -9.0466976E-02 -5.4381800E-01 -1.1695030E+00 -1.2062132E+00 -1.4304237E+00
 -1.8738463E+00 -2.0386510E+00 -2.2049727E+00 -2.0884998E+00 -2.0565221E+00
 -2.0219603E+00 -2.1601722E+00 -1.8478475E+00
 -2.1021099E+00 -1.5544124E+00 -8.8964653E-01 -2.5432110E-01 -7.1331501E-02
  4.0539217E-01  8.4733438E-01  8.1380844E-01  6.5928364E-01  4.6297073E-01
  3.6027718E-01 -2.0246744E-01 -7.9493856E-01 -2.0966122E+00 -2.3585117E+00
 -2.6266131E+00 -2.8143227E+00 -2.9293652E+00 -3.0481629E+00 -2.6250684E+00
 -2.5970931E+00 -2.5746415E+00 -2.5731716E+00 -2.3017650E+00 -2.1021099E+00
 -1.5544124E+00 -8.8964653E-01 -2.5432110E-01 -7.1331501E-02  4.0539217E-01
  8.4733438E-01  8.1380844E-01  6.5928364E-01  4.6297073E-01  3.6027718E-01
 -2.0246744E-01 -7.9493856E-01 -2.0966122E+00 -2.3585117E+00 -2.6266131E+00
 -2.8143227E+00 -2.9293652E+00 -3.0481629E+00 -2.6250684E+00 -2.5970931E+00
 -2.5746415E+00 -2.5731716E+00 -2.3017650E+00
 -2.3741896E+00 -1.5833006E+00 -8.7985754E-01 -2.0153189E-01  1.7775297E-01
  6.8881989E-01  1.1579185E+00  1.1785951E+00  1.0105753E+00  8.0545378E-01
 -1.7075253E-01 -8.1732893E-01 -1.9425254E+00 -2.2758410E+00 -2.6087079E+00
 -2.8898253E+00 -2.8411524E+00 -2.9556544E+00 -3.0710914E+00 -2.9200883E+00
 -2.8975427E+00 -2.8710883E+00 -2.8361566E+00 -2.5979271E+00 -2.3741896E+00
 -1.5833006E+00 -8.7985754E-01 -2.0153189E-01  1.7775297E-01  6.8881989E-01
  1.1579185E+00  1.1785951E+00  1.0105753E+00  8.0545378E-01 -1.7075253E-01
 -8.1732893E-01 -1.9425254E+00 -2.2758410E+00 -2.6087079E+00 -2.8898253E+00
 -2.8411524E+00 -2.9556544E+00 -3.0710914E+00 -2.9200883E+00 -2.8975427E+00
 -2.8710883E+00 -2.8361566E+00 -2.5979271E+00
 -2.5520062E+00 -1.8274539E+00 -1.1124299E+00 -4.3537855E-01  2.2536898E-01
  7.4244547E-01  1.2175212E+00  1.0006342E+00  8.2810402E-01  5.8370686E-01
  1.6688728E-01 -4.9661350E-01 -2.1768181E+00 -3.0082104E+00 -3.4967670E+00
 -3.8003595E+00 -2.9624362E+00 -3.0697510E+00 -3.1797426E+00 -3.2213218E+00
 -3.1998839E+00 -3.1844697E+00 -3.0197005E+00 -2.7994580E+00 -2.5520062E+00
 -1.8274539E+00 -1.1124299E+00 -4.3537855E-01  2.2536898E-01  7.4244547E-01
  1.2175212E+00  1.0006342E+00  8.2810402E-01  5.8370686E-01  1.6688728E-01
 -4.9661350E-01 -2.1768181E+00 -3.0082104E+00 -3.4967670E+00 -3.8003595E+00
 -2.9624362E+00 -3.0697510E+00 -3.1797426E+00 -3.2213218E+00 -3.1998839E+00
 -3.1844697E+00 -3.0197005E+00 -2.7994580E+00
 -2.7918019E+00 -1.9699905E+00 -1.2831864E+00 -6.2370443E-01  1.7568302E-01
  6.8904305E-01  1.1610203E+00  1.1429133E+00  9.5678091E-01  6.8982363E-01
  1.1552243E+00  6.5187263E-01 -1.1734304E+00 -1.8143883E+00 -2.1201165E+00
 -2.4152865E+00 -2.7919648E+00 -2.9082353E+00 -3.0256891E+00 -3.1713319E+00
 -3.1516385E+00 -3.1280024E+00 -3.2609210E+00 -3.0670323E+00 -2.7918019E+00
 -1.9699905E+00 -1.2831864E+00 -6.2370443E-01  1.7568302E-01  6.8904305E-01
  1.1610203E+00  1.1429133E+00  9.5678091E-01  6.8982363E-01  1.1552243E+00
  6.5187263E-01 -1.1734304E+00 -1.8143883E+00 -2.1201165E+00 -2.4152865E+00
 -2.7919648E+00 -2.9082353E+00 -3.0256891E+00 -3.1713319E+00 -3.1516385E+00
 -3.1280024E+00 -3.2609210E+00 -3.0670323E+00
 -2.7984598E+00 -2.0072346E+00 -1.3517463E+00 -7.2689533E-01  1.8714333E-01
  6.8686104E-01  1.1484566E+00  1.3369021E+00  1.1611018E+00  9.3073320E-01
  8.9621401E-01  3.8504076E-01 -2.5176525E-02 -1.1904552E+00 -1.4231520E+00
 -1.7225463E+00 -2.4634228E+00 -2.5966234E+00 -2.7331476E+00 -3.1750834E+00
 -3.1539211E+00 -3.1373255E+00 -3.2769856E+00 -3.0869596E+00 -2.7984598E+00
 -2.0072346E+00 -1.3517463E+00 -7.2689533E-01  1.8714333E-01  6.8686104E-01
  1.1484566E+00  1.3369021E+00  1.1611018E+00  9.3073320E-01  8.9621401E-01
  3.8504076E-01 -2.5176525E-02 -1.1904552E+00 -1.4231520E+00 -1.7225463E+00
 -2.4634228E+00 -2.5966234E+00 -2.7331476E+00 -3.1750834E+00 -3.1539211E+00
 -3.1373255E+00 -3.2769856E+00 -3.0869596E+00
 -2.8389609E+00 -2.2037809E+00 -1.5446775E+00 -9.1730356E-01  9.2011452E-02
  5.9691286E-01  1.0609307E+00  1.9143395E+00  1.7368474E+00  1.5358229E+00
  8.2624006E-01  2.8133869E-01 -1.9434977E-01 -1.3614657E+00 -1.6675811E+00
 -1.9869514E+00 -2.6508603E+00 -2.7756829E+00 -2.8991566E+00 -3.2412159E+00
 -3.2222157E+00 -3.2000942E+00 -3.3194551E+00 -3.1317306E+00 -2.8389609E+00
 -2.2037809E+00 -1.5446775E+00 -9.1730356E-01  9.2011452E-02  5.9691286E-01
  1.0609307E+00  1.9143395E+00  1.7368474E+00  1.5358229E+00  8.2624006E-01
  2.8133869E-01 -1.9434977E-01 -1.3614657E+00 -1.6675811E+00 -1.9869514E+00
 -2.6508603E+00 -2.7756829E+00 -2.8991566E+00 -3.2412159E+00 -3.2222157E+00
 -3.2000942E+00 -3.3194551E+00 -3.1317306E+00
 -3.0380135E+00 -2.3751569E+00 -1.6845052E+00 -1.0318570E+00  9.9062443E-02
  6.5043068E-01  1.1471558E+00  2.2423372E+00  2.0616212E+00  1.8503571E+00
  1.0121303E+00  4.9858475E-01 -9.3058586E-02 -1.1490638E+00 -1.4320941E+00
 -1.7562850E+00 -2.8531156E+00 -2.9658692E+00 -3.0829055E+00 -3.4166136E+00
 -3.3974698E+00 -3.3841205E+00 -3.4949303E+00 -3.3285196E+00 -3.0380135E+00
 -2.3751569E+00 -1.6845052E+00 -1.0318570E+00  9.9062443E-02  6.5043068E-01
  1.1471558E+00  2.2423372E+00  2.0616212E+00  1.8503571E+00  1.0121303E+00
  4.9858475E-01 -9.3058586E-02 -1.1490638E+00 -1.4320941E+00 -1.7562850E+00
 -2.8531156E+00 -2.9658692E+00 -3.0829055E+00 -3.4166136E+00 -3.3974698E+00
 -3.3841205E+00 -3.4949303E+00 -3.3285196E+00
 -3.1472440E+00 -2.1091950E+00 -1.3641834E+00 -6.6049957E-01  1.6129985E+00
  2.1834455E+00  2.7274399E+00  2.3246284E+00  2.1380858E+00  1.9315434E+00
  1.1044745E+00  5.8762121E-01 -7.8910351E-02 -1.3031886E+00 -1.6187043E+00
 -1.9474120E+00 -3.3484352E+00 -3.4354861E+00 -3.5218678E+00 -3.6574490E+00
 -3.6420646E+00 -3.6237519E+00 -3.5887589E+00 -3.4314404E+00 -3.1472440E+00
 -2.1091950E+00 -1.3641834E+00 -6.6049957E-01  1.6129985E+00  2.1834455E+00
  2.7274399E+00  2.3246284E+00  2.1380858E+00  1.9315434E+00  1.1044745E+00
  5.8762121E-01 -7.8910351E-02 -1.3031886E+00 -1.6187043E+00 -1.9474120E+00
 -3.3484352E+00 -3.4354861E+00 -3.5218678E+00 -3.6574490E+00 -3.6420646E+00
 -3.6237519E+00 -3.5887589E+00 -3.4314404E+00
 -3.4349301E+00 -2.3687553E+00 -1.5821197E+00 -8.3403254E-01  1.6431270E+00
  2.2213559E+00  2.7747345E+00  2.8892760E+00  2.6970949E+00  2.4879017E+00
  1.2868290E+00  7.6125669E-01  6.9650650E-02 -1.8805025E+00 -2.2851367E+00
 -2.6194909E+00 -4.2200642E+00 -4.2622738E+00 -4.3069820E+00 -3.9119816E+00
 -3.9000897E+00 -3.8917360E+00 -3.8324513E+00 -3.7043414E+00 -3.4349301E+00
 -2.3687553E+00 -1.5821197E+00 -8.3403254E-01  1.6431270E+00  2.2213559E+00
  2.7747345E+00  2.8892760E+00  2.6970949E+00  2.4879017E+00  1.2868290E+00
  7.6125669E-01  6.9650650E-02 -1.8805025E+00 -2.2851367E+00 -2.6194909E+00
 -4.2200642E+00 -4.2622738E+00 -4.3069820E+00 -3.9119816E+00 -3.9000897E+00
 -3.8917360E+00 -3.8324513E+00 -3.7043414E+00
 -3.9793882E+00 -2.5547929E+00 -1.7381785E+00 -9.7134590E-01  2.1901126E+00
  2.7927008E+00  3.3637524E+00  3.9545660E+00  3.7431469E+00  3.5416164E+00
  1.4700437E+00  9.2808819E-01  3.9015722E-01 -2.9235618E+00 -3.4672999E+00
 -3.7957466E+00 -5.0072432E+00 -4.9995565E+00 -5.0032921E+00 -4.4869885E+00
 -4.4802690E+00 -4.4719820E+00 -4.3153334E+00 -4.2362413E+00 -3.9793882E+00
 -2.5547929E+00 -1.7381785E+00 -9.7134590E-01  2.1901126E+00  2.7927008E+00
  3.3637524E+00  3.9545660E+00  3.7431469E+00  3.5416164E+00  1.4700437E+00
  9.2808819E-01  3.9015722E-01 -2.9235618E+00 -3.4672999E+00 -3.7957466E+00
 -5.0072432E+00 -4.9995565E+00 -5.0032921E+00 -4.4869885E+00 -4.4802690E+00
 -4.4719820E+00 -4.3153334E+00 -4.2362413E+00
