11100100   0.7732   9.2900   0.0000   0.0000   1.6047   3.9277   0.0000  29.1369  11.3790 645 933  49  50  51  52  50  52  52
11100103   0.3788   6.0129   0.0000   0.0000   0.0000   0.0000   0.3504  32.1739  11.0070 645 933  49  50  51  52  50  52  52
11100106   0.2121  10.5672   0.0000   0.0000   0.0000   1.0015   6.7248  53.9862  11.0919 645 933  49  50  51  52  50  52  52
11100109   0.0435  11.9390   0.0000   0.2976   0.0000   0.0000   5.1360  56.1277   8.6893 645 933  49  50  51  52  50  52  52
11100112   0.1868  18.5091   0.0000   0.0000   0.1412   0.0000   1.1472  47.8523  18.1910 645 933  49  50  51  52  50  52  52
11100115   0.1540  17.2535   0.0000   0.1632   0.0282   0.0000   2.1312  32.9538  70.0025 645 933  49  50  51  52  50  52  52
11100118   0.1230  10.1209   0.5405   0.0000   0.0000   0.0000  13.2720  15.3600  74.0662 645 933  49  50  51  52  50  52  52
11100121   1.0586  22.9109   0.0000   0.0000  14.8424   4.0846  47.8368  22.8969  23.2995 645 933  49  50  51  52  50  52  52
11100200   0.5395  36.8198   0.0000   0.0000   5.6000   1.3108  47.8704  18.5031   9.5005 645 933  49  50  51  52  50  52  52
11100203   0.4755  32.8628   0.0000   0.0000   0.9741   0.0000 102.4032  13.2462  39.5475 645 933  49  50  51  52  50  52  52
11100206   1.1338  49.5362   0.0000   0.0000   1.2282   0.7662 135.4512   6.1615  28.1369 645 933  49  50  51  52  50  52  52
11100209   1.8128  36.5351   0.0000   0.0336   2.8988  27.1338  49.2432   2.9400  12.6076 645 933  49  50  51  52  50  52  52
11100212   0.4547  35.2414   0.0000   0.0000   0.6729   5.9769  11.8848   3.1985   7.0594 645 933  49  50  51  52  50  52  52
11100215   0.9109  29.4843   0.4734   0.0000   0.9929   0.0000  11.3376   0.3508  23.8229 645 933  49  50  51  52  50  52  52
11100218   0.4179  36.1747   0.0000   0.0000  24.8941   0.1938   1.1760   0.9785  14.2862 645 933  49  50  51  52  50  52  52
11100221   3.0850  23.2569   0.0000   0.0000   8.0894  11.0492   0.1920   0.0000   1.7863 645 933  49  50  51  52  50  52  52
11100300   1.8962  18.4815   0.0000   0.0000   0.4424   6.7338   0.4848   0.0000   0.0000 645 933  49  50  51  52  50  52  52
11100303   0.7446  11.0423   0.0000   0.0000   0.0000  18.7200   3.0336   8.6538   9.2826 645 933  49  50  51  52  50  52  52
11100306   2.0789   6.8486   0.3044   0.0000   0.6118  29.1969   0.7488   0.0000  22.3855 645 933  49  50  51  52  50  52  52
11100309   0.9816   1.4325   0.0000   0.0000   0.6682  12.7062   2.4336   0.0000   0.2954 645 933  49  50  51  52  50  52  52
11100312   0.4231   0.8301   0.0000   0.0000   0.0000   1.5415   1.2096   0.0000   4.6120 645 933  49  50  51  52  50  52  52
11100315   0.4520   1.5249   0.1454   0.0000   0.0376   0.0738   0.0720   0.0000   4.2441 645 933  49  50  51  52  50  52  52
11100318   0.2080   0.6503   0.0000   0.1344   4.1976   0.0046   0.0000   0.0000   0.7988 645 933  49  50  51  52  50  52  52
11100321   0.0000   0.4718   0.0000   0.0000   0.0000   0.0000   0.0000   0.5769   0.0000 645 933  49  50  51  52  50  52  52
11100400   0.4860   1.8343   0.1335   0.0000   0.4235   0.0000   0.0000   7.8000   0.0000 645 933  49  50  51  52  50  52  52
11100403   0.2161   1.8104   0.1700   0.0000   1.7224   0.0000   0.0000  18.1800   0.4473 645 933  49  50  51  52  50  52  52
11100406   0.6426   0.9240   0.0000   0.0000   7.2706   0.9231   0.0144  10.6062   0.4999 645 933  49  50  51  52  50  52  52
11100409   0.8480   0.1780   0.0000   0.0000  10.8847   0.3323   0.0000  61.5092   0.0000 645 933  49  50  51  52  50  52  52
11100412   3.8340   0.6346   1.6790   0.0000   8.4424   8.2154   0.0912  59.0031   0.0000 645 933  49  50  51  52  50  52  52
11100415   4.1380   1.3489   0.0000   0.0000   4.4518   2.6492   0.0528 102.8677   5.9183 645 933  49  50  51  52  50  52  52
11100418   1.7496   1.7659   0.0000   0.0000   1.6376   2.4785   1.0416  76.0569  23.9077 645 933  49  50  51  52  50  52  52
11100421   0.0000   2.0576   0.0000   0.0000   0.0000   0.0000   0.0000  79.4446  15.1133 645 933  49  50  51  52  50  52  52
11100500   0.0052   2.8648   0.0000   0.0480   0.6212   0.0000   2.3520  31.1400   2.1621 645 933  49  50  51  52  50  52  52
11100503   0.0000   2.7972   0.0000   0.0000   1.7224   0.0000   1.2480   3.2262   0.0239 645 933  49  50  51  52  50  52  52
11100506   0.0569   1.5825   0.1662   0.0000   0.1365   0.0000   0.3120   1.9662   0.7495 645 933  49  50  51  52  50  52  52
11100509   0.0000   1.2671   0.0000   0.0000   0.0000   0.0000   0.0000   0.0000   0.0000 645 933  49  50  51  52  50  52  52
11100512   0.0339   3.6322   0.2382   0.0000   0.0000   0.0000  10.4256   0.0738   1.0197 645 933  49  50  51  52  50  52  52
11100515   0.0324   3.8943  23.4316   0.0000   0.1176   0.0000  14.4240   0.1662   3.4451 645 933  49  50  51  52  50  52  52
11100518   0.0000  11.6733   0.0000   0.0000   0.0612   0.0000  25.5216   0.3000   0.0000 645 933  49  50  51  52  50  52  52
11100521   0.0000  26.2768   0.0000   0.0000   0.0000   0.0000  50.2224   0.0000   0.1745 645 933  49  50  51  52  50  52  52
11100600   0.1012  27.6846   0.0000   0.0000   0.0000   0.0000   4.0080   0.0000   2.6884 645 933  49  50  51  52  50  52  52
11100603   0.0625  25.6208   0.0000   0.0000   0.0000   0.0000   1.6320   0.0000  31.9370 645 933  49  50  51  52  50  52  52
11100606   0.2043  25.9717   0.0910   0.0336   0.0000   0.0000   1.6320   0.0000 107.1176 645 933  49  50  51  52  50  52  52
11100609   0.0000  20.4072   0.0000   0.0000   0.0000   0.0000   2.2032   0.0000   4.3342 645 933  49  50  51  52  50  52  52
11100612   0.0327   3.8508   0.0000   0.0000   0.0753   1.5692   1.9344   1.3431   1.4484 645 933  49  50  51  52  50  52  52
11100615   0.0268   1.2653   0.0000   0.0000   0.0000   0.0000   3.7584   2.6354   1.0909 645 933  49  50  51  52  50  52  52
11100618   0.1965   1.4891   0.0000   0.0000   0.2682   0.3646  12.3888   8.3262   0.0000 645 933  49  50  51  52  50  52  52
11100621   0.0000   0.7056   0.0000   0.0000   0.0000   0.8631   4.6176   0.0000   0.0000 645 933  49  50  51  52  50  52  52
11100700   0.0000   3.4439   0.0000   0.0000   0.0000   0.6738  27.4224   3.4938   0.0000 645 933  49  50  51  52  50  52  52
11100703   0.0000   4.3483   0.3938   0.0000   0.0000   0.0000  32.0880   0.4108   0.6288 645 933  49  50  51  52  50  52  52
11100706   0.0186   1.8284   0.0000   0.0000   0.0000   0.1200  15.5424   0.0000   0.7610 645 933  49  50  51  52  50  52  52
11100709   0.0000   0.2979   0.0000   0.0000   0.0000   0.0000   0.0000   0.0000   0.0338 645 933  49  50  51  52  50  52  52
11100712   0.0000   0.3972   0.0742   0.0000   0.4753   0.0000   7.3104   0.0369   0.2859 645 933  49  50  51  52  50  52  52
11100715   0.0037   0.8455   0.0000   0.0000   0.0000   0.0000  12.6720   0.8492   0.5926 645 933  49  50  51  52  50  52  52
11100718   0.2262   0.3882   0.0000   0.0096   0.0000   0.0415  22.7856   0.0000   0.0000 645 933  49  50  51  52  50  52  52
11100721   0.0000   0.5029   0.0000   0.0000   0.0000   0.0000  28.8672  11.5846   4.6232 645 933  49  50  51  52  50  52  52
11100800   0.0432   1.4040   0.1366   0.0000   0.1788   0.0000  33.2736  11.8154   9.4932 645 933  49  50  51  52  50  52  52
11100803   0.0000   1.3981   0.0000   0.0000   0.0000   0.0000  21.1680  12.2908  14.9024 645 933  49  50  51  52  50  52  52
11100806   0.0201   0.2135   0.0000   0.0000   0.0000   0.0000   4.1424   0.0000  13.3217 645 933  49  50  51  52  50  52  52
11100809   0.0000   0.6734   0.0000   0.0000   0.0000   0.0000   0.7536  21.9508   5.8272 645 933  49  50  51  52  50  52  52
11100812   0.5427   2.8684   0.5542   0.0000   0.0000   0.0000   0.3072  10.2415   5.4374 645 933  49  50  51  52  50  52  52
11100815   0.3594   2.8643   0.4726   0.0000   0.0000   0.0000   1.5792   4.5138  50.4923 645 933  49  50  51  52  50  52  52
11100818   0.0000   3.4408   0.0000   0.0000   0.0000   0.0000   4.9200   4.5462  37.5260 645 933  49  50  51  52  50  52  52
11100821   0.0000   9.1143   0.0000   0.0000   0.0000   0.0000  15.1536   0.0000   5.1436 645 933  49  50  51  52  50  52  52
11100900   0.2967  12.6696   0.5113   0.0000   0.8000   0.0000  67.3008  14.8892   5.0770 645 933  49  50  51  52  50  52  52
11100903   0.0000  14.7424   0.0000   0.0000   0.0000   0.0000 109.8480  21.5769   0.0000 645 933  49  50  51  52  50  52  52
11100906   0.0182   4.6876   0.0000   1.6608   0.0000   0.0000  51.1056   8.3492   0.4722 645 933  49  50  51  52  50  52  52
11100909   0.0000  15.0403   0.0833   0.0000   0.0000   0.0000  94.9200  42.0692   0.8998 645 933  49  50  51  52  50  52  52
11100912   0.1511   9.8534   0.0000   0.0000   0.0000   0.0000  21.2160  39.1892   2.4971 645 933  49  50  51  52  50  52  52
11100915   0.1053   5.9360   0.0549   0.0000   0.0753   0.0000   6.8544  55.9523   0.0000 645 933  49  50  51  52  50  52  52
11100918   0.0000   4.4617   0.0000   0.0000   0.0000   0.0000   3.7440  81.8862   1.4196 645 933  49  50  51  52  50  52  52
11100921   0.0000   7.5390   0.8143   0.0000   0.0000   0.0000   2.4816  78.5585   3.8725 645 933  49  50  51  52  50  52  52
11101000   0.3206  10.8283   0.2814   0.0000   0.0376   0.1754  30.0480  39.7800   2.3058 645 933  49  50  51  52  50  52  52
11101003   0.8249   3.3700   5.2730   0.0144   0.9835   0.5400  41.8416  48.3646  40.1419 645 933  49  50  51  52  50  52  52
11101006   0.0215   2.7169   0.3983   0.0000   0.0000   0.0000  15.2208  63.2400  52.6769 645 933  49  50  51  52  50  52  52
11101009   0.8254   8.5016  16.5281   0.0000   0.0000   0.0000  49.5744  67.6569  46.1284 645 933  49  50  51  52  50  52  52
11101012   0.4546   5.9257   1.2718   0.0000   4.8471   0.4292  17.4768   2.4508  45.3276 645 933  49  50  51  52  50  52  52
11101015   0.9518   7.0626   0.0000   0.0240   5.2188   0.9600  46.0752   6.4754  21.8430 645 933  49  50  51  52  50  52  52
11101018   0.0201   4.3038   0.0000   0.0000   0.0000   0.0000  21.3552   0.0462   6.4352 645 933  49  50  51  52  50  52  52
11101021   0.0707  15.1871   0.0000   0.0000   4.4847   0.0000  36.6768  13.4169  14.8002 645 933  49  50  51  52  50  52  52
11101100   0.1648  15.0994   2.3952   0.0000   1.0118   0.0000   9.7200  13.5462  12.3828 645 933  49  50  51  52  50  52  52
11101103   0.4625  14.4190   0.0000   0.0000   0.8000   0.6277  21.7344  18.0185   0.3443 645 933  49  50  51  52  50  52  52
11101106   0.0000  10.8111   0.3221   0.0000   0.0000   0.0000  23.6736  12.9738   1.2649 645 933  49  50  51  52  50  52  52
11101109   0.0000  16.1348   8.2892   0.0000   0.0000   0.0000  25.3632   8.2062   0.1629 645 933  49  50  51  52  50  52  52
11101112   0.2352  11.1498   0.9820   0.0000   0.0000   1.2923  12.9312   0.2815   0.0000 645 933  49  50  51  52  50  52  52
11101115   0.6019  11.5370   0.0633   0.1248   0.0000   1.2000  11.2560   0.0000   7.5472 645 933  49  50  51  52  50  52  52
11101118   0.0000  12.7334   0.0000   0.0000   0.0000   0.0000  15.3840   0.0000  11.2999 645 933  49  50  51  52  50  52  52
11101121   0.0000  19.4390   0.0000   0.0000   0.0000   0.0000   5.0784   0.0000   3.6957 645 933  49  50  51  52  50  52  52
11101200   0.3379  14.5489   4.2893   0.0000   0.2776   0.0000   5.7168   1.5554   2.9583 645 933  49  50  51  52  50  52  52
11101203   0.0169  14.5271   0.1292   0.0000   0.0000   0.1062   6.6768   1.9985   0.0573 645 933  49  50  51  52  50  52  52
11101206   0.0000  22.2804   3.1219   0.0000   0.0000   0.0000  13.5792   0.0000   0.1941 645 933  49  50  51  52  50  52  52
11101209   0.0301  16.6135   1.6743   0.0000   0.0000   0.0000  22.9152   0.0000   0.9007 645 933  49  50  51  52  50  52  52
11101212   4.4977   5.0284   4.3630   0.1392  17.7788   1.5369  15.8640   0.0231   0.0000 645 933  49  50  51  52  50  52  52
11101215   3.8172   3.5164   4.3267   0.0000  10.4847   0.5077  13.3632   0.0369   8.9059 645 933  49  50  51  52  50  52  52
11101218   5.4529   1.0963   0.3504   0.0000   2.9224   0.5585   0.3792   0.0000  16.5454 645 933  49  50  51  52  50  52  52
11101221   7.9077   2.6354   0.0000   0.0000   5.5906   4.6938   0.0000   0.0000  39.2542 645 933  49  50  51  52  50  52  52
11101300   2.2815   6.1435   0.1735   0.0000   9.5435   7.9246   2.3808   0.2908  90.3305 645 933  49  50  51  52  50  52  52
11101303   1.4117   6.3115   0.1501   0.7968   2.3200  14.4415   2.6544   0.0000  97.9447 645 933  49  50  51  52  50  52  52
11101306   0.0223   5.4608   0.0000   0.0000   0.0000   5.0631   0.0000   0.0000  59.9148 645 933  49  50  51  52  50  52  52
11101309   0.9518   2.1469   0.0000   0.0000   0.0000  40.6754   0.0000   0.0000  91.1508 645 933  49  50  51  52  50  52  52
11101312   0.7658   5.1722   0.5685   0.0000   1.5059  18.5492   4.1328   0.0000  43.8046 645 933  49  50  51  52  50  52  52
11101315   1.3276   5.1136   7.6364   0.0000   7.9012   3.2862  10.3776   0.0000   2.1425 645 933  49  50  51  52  50  52  52
11101318   0.0000   6.0563   0.1435   0.0000   2.6918   0.1062   5.9376   0.0000   2.2658 645 933  49  50  51  52  50  52  52
11101321   0.0000   3.0531   0.0000   0.0000   1.1529   0.0000   1.5504   0.0000   0.1282 645 933  49  50  51  52  50  52  52
11101400   0.1425   4.8116   0.0000   0.0000   0.0000   0.5585  11.3712   0.0000   0.0969 645 933  49  50  51  52  50  52  52
11101403   0.4731   5.6586   0.9578   0.0000   1.7976   0.2308  15.6192   0.0000   0.0000 645 933  49  50  51  52  50  52  52
11101406   0.0022   4.4605   0.0000   0.0000   0.1412   0.0277   0.0384   0.0000   0.0000 645 933  49  50  51  52  50  52  52
11101409   0.1686   2.4226   0.0000   0.0000  11.2753   0.3415   0.0000   0.0000   0.0751 645 933  49  50  51  52  50  52  52
11101412   1.8017   7.7703   1.8290   0.0000   6.6824   1.2138   0.6960   0.0000   0.0000 645 933  49  50  51  52  50  52  52
11101415   1.2428  10.3149  11.7226   0.0000   0.0659   0.0000   0.0000   0.0000   0.0000 645 933  49  50  51  52  50  52  52
11101418   0.1455  14.2413   1.5987   0.0000   0.0000   0.7062   0.0000   0.0000   0.0000 645 933  49  50  51  52  50  52  52
11101421   4.1034  17.5645   0.9094   0.0000  10.4047   0.0000   0.0000   0.0000   0.1951 645 933  49  50  51  52  50  52  52
11101500   4.7170  20.9063   0.0000   0.0000  40.0235   0.5215   0.0000   1.9431   0.0000 645 933  49  50  51  52  50  52  52
11101503   5.5227  27.2008   1.2127   0.0000  64.1459   0.0000   0.0000   1.7169   0.0000 645 933  49  50  51  52  50  52  52
11101506   1.3209  31.5429   0.0000   0.0000   0.0000   0.0000   0.0000   0.3046   0.0000 645 933  49  50  51  52  50  52  52
11101509   1.6290  29.0369   0.8838   0.0000   0.0000   0.0000   0.0000   0.1662   0.0000 645 933  49  50  51  52  50  52  52
11101512   3.6726  15.0799   5.3480   0.0000  11.3694   0.4062   0.0000   0.0877   0.0000 645 933  49  50  51  52  50  52  52
11101515   2.2125  12.4304  29.8885   0.0000   5.8494   0.5677   3.6336   0.0000   0.0000 645 933  49  50  51  52  50  52  52
11101518   0.5362  10.7720   1.4216   0.0000  14.4329  37.9246  33.7248   0.0000   0.8304 645 933  49  50  51  52  50  52  52
11101521  19.7105   7.6646   0.0000   0.0000   5.0965 148.6569  23.7168   0.0000   0.0000 645 933  49  50  51  52  50  52  52
11101600  30.2925   7.7127   0.2443   0.0000  56.4094  48.0646   1.6272   0.0046   0.0000 645 933  49  50  51  52  50  52  52
11101603  23.3250   7.0006   0.0000   0.0000  19.2659  38.5385   1.3152   0.0000   0.9013 645 933  49  50  51  52  50  52  52
11101606  27.0147  11.2705   0.0000   0.0000 114.4988  11.7415  14.8992   0.0000   1.1350 645 933  49  50  51  52  50  52  52
11101609  21.5014  13.3947   0.8981   0.0000 103.0071   2.2015   9.9936   0.0000   0.5090 645 933  49  50  51  52  50  52  52
11101612  12.0324  11.9658  10.0384   0.0480  68.2353   0.0000  12.8256   0.0000   0.7796 645 933  49  50  51  52  50  52  52
11101615   2.7524   7.6790   0.8225   0.0768  29.7365   0.0738  25.1088   0.0000   0.7523 645 933  49  50  51  52  50  52  52
11101618   1.2279   1.9977   1.9254   0.4128   4.1741   0.2815  21.8160   0.0000   2.2921 645 933  49  50  51  52  50  52  52
11101621   4.1414   3.5010   0.0000   0.0000   0.0000   8.0262   7.4352   0.0000   0.0000 645 933  49  50  51  52  50  52  52
11101700   2.9198   4.0365   0.0873   0.1152   0.3388   2.8985   1.7952   1.3892   0.0000 645 933  49  50  51  52  50  52  52
11101703   1.5926   2.3146   0.0000   0.0000   0.0141   1.9108   0.2256   0.0000   0.0000 645 933  49  50  51  52  50  52  52
11101706   0.7699   0.0000   0.0000   0.0000   0.0000   0.0000   0.0000   0.0231   0.7577 645 933  49  50  51  52  50  52  52
11101709   0.6642   1.5735   0.4060   0.0000   0.0000   0.6785   0.0000   0.0000   0.6514 645 933  49  50  51  52  50  52  52
11101712   2.5503   4.1772   9.7985   0.0000   7.5859   8.7554   0.0000   0.0277   0.0000 645 933  49  50  51  52  50  52  52
11101715   2.1864   4.8962   3.6753   0.0000   2.3671   9.2631   0.0000   0.0000   0.0000 645 933  49  50  51  52  50  52  52
11101718   0.6642   4.7460   0.2469   0.0000   0.0000   1.5969   0.0000   0.1338   0.2162 645 933  49  50  51  52  50  52  52
11101721   0.1224   0.4633   0.0000   0.0000   2.7529   0.0000   0.0000   0.0000   0.0000 645 933  49  50  51  52  50  52  52
11101800   0.6186   1.1493   0.5320   5.3856   6.5271   0.0046   0.0672   0.0000   0.0000 645 933  49  50  51  52  50  52  52
11101803   0.0100   1.2327   0.0000   0.7392   9.6800   0.0000   0.0000   0.0000   0.0000 645 933  49  50  51  52  50  52  52
11101806   0.0525   3.7976   0.0000   0.0000   1.2282   0.8862   0.0000   0.0877   0.0717 645 933  49  50  51  52  50  52  52
11101809   0.0000  17.3163   1.8579   1.6464  18.2024   0.0000   0.0000   0.0000   0.0000 645 933  49  50  51  52  50  52  52
11101812   4.1849  19.2358   7.4277  13.6176  32.0329   1.5277   0.0000   0.0000   0.0000 645 933  49  50  51  52  50  52  52
11101815   5.2301  23.6129  12.6067   5.7552  35.8541   0.6231   0.1008   0.0000   0.0000 645 933  49  50  51  52  50  52  52
11101818  12.3126  30.0774   1.0803   2.3568  73.4353   0.0185   0.0000   0.0000   0.5475 645 933  49  50  51  52  50  52  52
11101821  19.2197  24.6050   3.0363   8.2080  95.3223   2.1000   0.0000   0.0000   0.0407 645 933  49  50  51  52  50  52  52
11101900  15.8211  16.5019   0.2647   2.4528  16.3153  14.9538   0.9648   0.8123   0.0000 645 933  49  50  51  52  50  52  52
11101903   5.8724  18.1973   0.0000   3.2592   1.3976  26.4185   1.6992   0.0000   0.0000 645 933  49  50  51  52  50  52  52
11101906   3.9159  22.4260   0.0000   1.4352   1.5953  53.2015   1.5888   1.1908   0.0000 645 933  49  50  51  52  50  52  52
11101909   5.6837  16.7933  10.2776  15.0144   0.0000   0.7385   0.0000   0.0000   0.0000 645 933  49  50  51  52  50  52  52
11101912   2.5619   6.9495  16.8337   9.0432   0.4894   0.0000   0.0816   0.0000   0.0000 645 933  49  50  51  52  50  52  52
11101915   1.6756   7.9601  15.5081   0.0288   6.4471   0.7292   1.6464   0.0000   0.0000 645 933  49  50  51  52  50  52  52
11101918   1.5654   4.2912  39.6245   0.0000   0.0000   0.0000   0.0000   0.0000   0.0046 645 933  49  50  51  52  50  52  52
11101921   2.2818   1.4166  24.1485   0.0000   0.0000   0.0000   2.3616   0.0000   0.5927 645 933  49  50  51  52  50  52  52
11102000   5.3710   1.4253   5.9567   4.0176   3.4871   0.0000   0.0720   0.0000   0.0000 645 933  49  50  51  52  50  52  52
11102003   5.9805   3.6360  14.8003   1.0320   9.9906   0.0000   0.0000   0.0000   0.0000 645 933  49  50  51  52  50  52  52
11102006   2.7317   4.2974   7.5259   0.0000   7.2376   1.8231   0.5280   0.0000   1.8288 645 933  49  50  51  52  50  52  52
11102009   4.0905   5.2090  16.2378   0.0000  16.1365   0.0000   6.2976   0.0000   0.0000 645 933  49  50  51  52  50  52  52
11102012   5.2193   7.7037  31.2985   0.0000  29.3694   0.0600   9.8016   0.0000   0.0000 645 933  49  50  51  52  50  52  52
11102015   6.3944   6.3668  16.2954   0.0000  51.6141   0.0000   5.0880   0.0000   0.0000 645 933  49  50  51  52  50  52  52
11102018   7.6669   5.2108   2.1952   0.0000  35.9718   1.0846  19.6320   0.0415   0.5122 645 933  49  50  51  52  50  52  52
11102021  13.8954   3.3296   0.0000   0.0000  83.7459  11.5338   0.9552   0.3323   0.2087 645 933  49  50  51  52  50  52  52
11102100  12.0297   5.4858   2.0177   1.8432  50.7906  43.2046   6.4560   0.4154   0.0000 645 933  49  50  51  52  50  52  52
11102103  12.7190   5.3587   0.2865   6.5424   5.4494  23.7277   7.1232   0.0000   0.0000 645 933  49  50  51  52  50  52  52
11102106   9.9230   3.9272   0.0000   8.4384   6.3435  13.3200   0.8160   0.0000   1.9884 645 933  49  50  51  52  50  52  52
11102109  14.8227   1.1614   9.1197  23.2944   2.9412   1.0754  26.4096   0.0000   0.0000 645 933  49  50  51  52  50  52  52
11102112  15.1535   0.5212  73.2994   3.9888   0.2729   0.4708   9.4560   0.0000   0.0000 645 933  49  50  51  52  50  52  52
11102115  28.4895   1.1964  47.0594   1.5024   0.0000   0.4892   0.0144   0.0000   0.0000 645 933  49  50  51  52  50  52  52
11102118  30.3824   1.5434  30.2084  11.6496   1.6988   5.1600   0.4896   0.0000   0.7612 645 933  49  50  51  52  50  52  52
11102121  41.1400   3.0809  16.6968   3.8976  29.4918   5.6262   5.7888   0.0000   0.0000 645 933  49  50  51  52  50  52  52
11102200  48.7366   4.1559   0.2222   3.7584  51.1059   2.6169  13.3632   0.0000   0.0000 645 933  49  50  51  52  50  52  52
11102203  46.7568   5.9339   0.0000   5.8416  80.2635   0.2400  10.6800   0.0000   3.6026 645 933  49  50  51  52  50  52  52
11102206  49.4564   5.6566   0.2879  13.6704  69.6329   0.0000   4.6560   0.0000   2.1692 645 933  49  50  51  52  50  52  52
11102209  20.4158   8.0437  11.4907  85.3632   2.2965  16.9477   4.4784   0.0000   0.3831 645 933  49  50  51  52  50  52  52
11102212  10.1013   6.1811   1.6540  42.5424   0.1553  29.7415   5.7456   0.0000   0.1402 645 933  49  50  51  52  50  52  52
11102215  13.9576   5.3687   2.1581  31.9248   0.0000  17.2708   7.8288   0.0000  16.4006 645 933  49  50  51  52  50  52  52
11102218  11.2915   2.9487   0.2699  23.8560   0.0000  45.5123   4.9824   0.0000  34.4953 645 933  49  50  51  52  50  52  52
11102221  10.3933   8.0905   4.9859  58.0704   0.0000  14.5615  10.3488   0.6692   0.3867 645 933  49  50  51  52  50  52  52
11102300  10.4041   8.0869   1.0845   2.9808   0.8094   6.3323   1.3968   0.0000   6.6106 645 933  49  50  51  52  50  52  52
11102303  13.6138   7.3752   0.1019   0.0000  14.1129   4.0246   0.1872   0.0000   0.0000 645 933  49  50  51  52  50  52  52
11102306  12.9213   6.2655   0.0000   0.0000   9.0871   2.1000   0.3936   0.0000   0.0000 645 933  49  50  51  52  50  52  52
11102309  20.9325   4.3123  37.3634   3.5424   5.4682  31.5646   0.2304   0.0462   0.0000 645 933  49  50  51  52  50  52  52
11102312  13.2466   5.6067  96.3368   5.8224   0.0000  46.4031   0.0528   0.0000   0.0000 645 933  49  50  51  52  50  52  52
11102315  12.2466   4.8818  33.5571   3.9360   0.9553  18.4708   1.2288   0.0000   0.0000 645 933  49  50  51  52  50  52  52
11102318  14.4306   5.6015   5.6901   0.4224   0.3906   8.1969   0.0000   0.3000   0.0000 645 933  49  50  51  52  50  52  52
11102321  37.0771  12.2997   0.0475   0.5280   7.0259  12.9508   0.3120   0.0646   0.2851 645 933  49  50  51  52  50  52  52
11102400  42.9626  11.6743   0.0000   0.0000  68.8847  15.5769   0.1920   0.0000   0.0000 645 933  49  50  51  52  50  52  52
11102403  43.5803  12.3756   0.5823   4.5216 119.7177  27.3323   0.0000   0.0000   0.3300 645 933  49  50  51  52  50  52  52
11102406  32.9023   9.3749   3.2770   3.7536  74.8565  69.0092   0.0000   0.0000   0.0000 645 933  49  50  51  52  50  52  52
11102409  30.5202  13.6262  52.4416   2.6112  24.0047  56.1046   0.0864   0.0000   0.0000 645 933  49  50  51  52  50  52  52
11102412  17.2612  14.5819  96.0097   3.1824  27.8212  19.9108   0.0000   0.0000   0.0000 645 933  49  50  51  52  50  52  52
11102415  11.4986  16.6225  41.1144   0.0000  14.5694  13.4677   3.4752   0.0000   0.0000 645 933  49  50  51  52  50  52  52
11102418  13.7126  17.8004  12.3372   0.0000   3.7553  24.7015   0.7536   0.0000   0.0000 645 933  49  50  51  52  50  52  52
11102421   9.7562  18.2503   4.6309   4.2576   6.4659  36.5169   0.7632   0.0000   0.0000 645 933  49  50  51  52  50  52  52
11102500  10.9347   3.8171   0.2488   7.7424   0.0000  54.1385   9.2304   0.4846   0.0000 645 933  49  50  51  52  50  52  52
11102503   9.7913   1.4986   0.2477  48.8304   0.0000  50.3031   9.1488   0.9508   0.5760 645 933  49  50  51  52  50  52  52
11102506   9.2644   1.0577   0.0000  44.0688   0.0000  26.1600   0.5616   5.4923   0.0000 645 933  49  50  51  52  50  52  52
11102509  10.5072   0.5469  35.3354   8.1408   0.7576   0.7292   0.0000   3.0462   0.0000 645 933  49  50  51  52  50  52  52
11102512   6.4889   0.6858  33.8344   0.0000   0.0000   0.0000   0.0000   0.0000   0.0000 645 933  49  50  51  52  50  52  52
11102515   8.4088   0.3434  57.4590   2.1120   0.8612   0.2308   0.0816   2.9677   0.0000 645 933  49  50  51  52  50  52  52
11102518   9.4507   0.2778  40.3394   0.8304   0.0000   0.0000   0.0000   9.3646   0.0000 645 933  49  50  51  52  50  52  52
11102521  19.0891   4.2269  25.1050  13.5024  13.4353   4.7538   0.3456  40.6523   0.0000 645 933  49  50  51  52  50  52  52
11102600  28.7907   5.4686   1.7494  28.0704  69.5624   2.2062   0.0672  15.2954   0.0000 645 933  49  50  51  52  50  52  52
11102603  30.7602   6.1651   0.0000  45.4032  44.4753   1.0662   0.0000  12.0646   0.0144 645 933  49  50  51  52  50  52  52
11102606  32.8618  14.3892   2.3124  61.5168  75.4353   1.2877   0.0000  29.4046   0.0000 645 933  49  50  51  52  50  52  52
11102609  31.6651   9.7294   4.9193  72.2784  74.0518   0.0000   1.5792   0.0000   0.4725 645 933  49  50  51  52  50  52  52
11102612  20.3144   9.5491  56.1191  35.1264  13.3929  10.7954   0.4800   0.7477   0.0000 645 933  49  50  51  52  50  52  52
11102615  21.5214   9.4019  45.9113  29.4000   1.4259  22.2092   0.5424   1.4815   0.0000 645 933  49  50  51  52  50  52  52
11102618   8.2340  15.1179   9.4699  27.6624   1.2424  20.2800   2.9664   1.1631   0.0000 645 933  49  50  51  52  50  52  52
11102621  29.7317  29.7193   9.9662  50.4336  15.2376   2.7877  11.3136   1.0523   0.0000 645 933  49  50  51  52  50  52  52
11102700  18.9929  26.8409   5.8254   5.3856  18.4706   2.0769  43.9056   0.0000   0.0000 645 933  49  50  51  52  50  52  52
11102703  14.5082  47.1843   0.4114   4.3824   7.6282   0.0000  64.2288   0.0000   0.0000 645 933  49  50  51  52  50  52  52
11102706  18.7431  34.2289   3.0812  18.9072   2.3718   1.9292  84.2352   0.0000   0.0000 645 933  49  50  51  52  50  52  52
11102709  15.1970  29.3371  17.5235  14.1648  21.0871   0.0000  79.8912   0.0000   0.0000 645 933  49  50  51  52  50  52  52
11102712  11.6694  18.8522  61.6661   1.6752   0.0612  11.8892  28.4976   0.0000   0.0000 645 933  49  50  51  52  50  52  52
11102715  10.3546  17.6378  24.7568   1.5648   2.2635  32.4138  44.7216   0.0000   0.0000 645 933  49  50  51  52  50  52  52
11102718   4.2798  38.0136   1.0854   0.7152   0.5741  58.5785   0.0000   0.0000   0.0000 645 933  49  50  51  52  50  52  52
11102721  14.6009  65.5483   4.0541   0.0000   2.0188 143.6354   5.7216   0.0000   0.0000 645 933  49  50  51  52  50  52  52
11102800  15.7708  36.8563   0.2921   0.0000   3.2565 133.3385  16.9104   0.0000   0.0000 645 933  49  50  51  52  50  52  52
11102803  20.9250  32.7223   0.0000   0.0000   9.7271 125.7738  15.6000   0.0000   0.0624 645 933  49  50  51  52  50  52  52
11102806  27.7924  31.4068   0.0245   0.0624   9.2518  86.1323   7.4928   0.0000   0.0000 645 933  49  50  51  52  50  52  52
11102809  38.7382  33.8750  11.9073   0.0000  44.0518  43.3062   0.6720   0.0000   0.0000 645 933  49  50  51  52  50  52  52
11102812  17.5906  10.1633  46.9641   0.0000  16.7341  15.4246   2.4864   0.0000   0.0000 645 933  49  50  51  52  50  52  52
11102815  25.0256  10.6032  29.9112   2.4672  90.6353  25.0246   0.3600   0.0000   0.3350 645 933  49  50  51  52  50  52  52
11102818  18.4047   9.2738  22.4750   0.0000   5.8682   8.0769   0.0000   0.0000   0.4637 645 933  49  50  51  52  50  52  52
11102821  24.8116   7.2458  21.7144   0.0000   6.5882  59.6077   0.0000   0.0000   0.0000 645 933  49  50  51  52  50  52  52
11102900  26.2270   3.3667   0.5228   3.3024   0.9600   5.8846   0.1152   0.0138   0.0934 645 933  49  50  51  52  50  52  52
11102903  27.8896   0.9446   0.2158   0.0864   0.0000  11.3862   0.0000   0.0000   0.0000 645 933  49  50  51  52  50  52  52
11102906  31.7349   1.1447   4.3608   0.9840   0.0094  31.8462   0.0480   3.0185   0.0000 645 933  49  50  51  52  50  52  52
11102909  35.9305   7.8081   1.9187   0.6528   0.0000  68.8108   0.0000   0.0000   0.0000 645 933  49  50  51  52  50  52  52
11102912   7.9449  15.9123  31.6921   0.0000   0.3953  79.7123   0.0000   0.4708   2.2095 645 933  49  50  51  52  50  52  52
11102915  19.3886  17.0557  28.7999   1.5888   1.0447  65.3769   0.0000   0.0000   0.0000 645 933  49  50  51  52  50  52  52
11102918  21.3546  20.7066  13.8127   0.0000   0.3906  28.0708   0.2064  18.6646   0.0000 645 933  49  50  51  52  50  52  52
11102921  44.7526  21.4441   1.2224   0.0000   6.8471  17.9908   0.0000   0.0000   0.6232 645 933  49  50  51  52  50  52  52
11103000  41.4262  12.4700   3.2853   0.1248   7.2847   2.1092   0.0000   0.0000   0.6530 645 933  49  50  51  52  50  52  52
11103003  38.9485   9.2396   9.8471   7.1568  10.2400   6.8446   0.3648   0.0000  11.8072 645 933  49  50  51  52  50  52  52
11103006  38.7196   4.2994  13.0002  40.3920   4.7341   9.9462   0.0000   4.2185  14.3307 645 933  49  50  51  52  50  52  52
11103009  35.8919   0.9106   5.4811  43.3872   0.0000  21.9000   0.0000   1.4815  15.9508 645 933  49  50  51  52  50  52  52
11103012   8.4616   0.8664  54.7273   6.3744   0.0000  17.1646   0.3552   0.7015  29.0638 645 933  49  50  51  52  50  52  52
11103015   2.3520   1.6782   8.7619  10.3152   0.0000  39.0785   1.2432   0.0000   4.7834 645 933  49  50  51  52  50  52  52
11103018   3.7808   1.0786   6.3983   8.2320   0.4659  24.4569   2.2944   0.2769   0.3178 645 933  49  50  51  52  50  52  52
11103021   1.2621   4.4221   0.0989   0.0000   0.0000  63.9692   0.0000   0.0000   0.1509 645 933  49  50  51  52  50  52  52
11103100   2.9470   5.2278   5.2465   2.2512   0.8847  25.7354   0.0000   0.0000   5.1983 645 933  49  50  51  52  50  52  52
11103103   4.3850   6.8162   5.4544   0.0000  10.6776  22.3246   2.1984   0.0000  12.3544 645 933  49  50  51  52  50  52  52
11103106  11.9572   9.4390   0.2468   0.6336  37.3741  19.6708   0.8832   0.0000  21.1546 645 933  49  50  51  52  50  52  52
11103109  19.4297   4.4836   3.2491  15.6432   4.3765   5.4877   0.0000   0.0000  11.9892 645 933  49  50  51  52  50  52  52
11103112  10.5391   1.9035   8.1237   9.7008   6.6494   0.0000   0.0000   0.0000   0.0000 645 933  49  50  51  52  50  52  52
11103115  12.9652   1.2455  12.0777   3.7152   1.3365   0.0000   0.0000   0.0000   0.1922 645 933  49  50  51  52  50  52  52
11103118   6.9780   4.7606   5.3854   1.7664   0.6400   6.4385   0.0000   6.7754   7.3167 645 933  49  50  51  52  50  52  52
11103121   6.6661   0.0000   2.7686   3.0960   0.0000   0.0000   0.0000   0.0000   7.2382 645 933  49  50  51  52  50  52  52
11110100   7.0948   1.0950  23.3899  31.0080   0.5553  18.5908   0.4416   0.0000  10.6147 645 933  49  50  51  52  50  52  52
11110103   6.1414   0.5590  16.3644   1.9296   5.1012  22.6108   1.7952   0.0000   0.7056 645 933  49  50  51  52  50  52  52
11110106   6.1853   1.0714  16.6063   0.4080   5.9765  14.7000   0.0000   0.1154   1.0651 645 933  49  50  51  52  50  52  52
11110109  12.9822   0.0000  27.4205   0.0000   0.0000   0.0000   0.0000   0.0000   0.6805 645 933  49  50  51  52  50  52  52
11110112  10.7073   0.4550  49.3582   0.9168   0.0000   0.0415   0.5904   0.0000   0.0000 645 933  49  50  51  52  50  52  52
11110115   6.5143   0.2104  29.2298   1.1232   0.8565   0.3000   0.5376   0.0415   0.0000 645 933  49  50  51  52  50  52  52
11110118   2.3048   2.5546   3.2397   0.0000   0.0000   0.0508   0.0000  31.4538   0.0000 645 933  49  50  51  52  50  52  52
11110121   2.3268   0.0553   5.3655   0.9600   0.0000   1.7769   0.0000   0.0000   0.4955 645 933  49  50  51  52  50  52  52
11110200   1.0457   0.2132   0.3891  11.1984   0.0000   0.2585   0.0000   0.0323   0.1757 645 933  49  50  51  52  50  52  52
11110203   0.3743   0.5134   0.0000   0.6720   0.0000   0.0000   0.0000   0.1846   0.0000 645 933  49  50  51  52  50  52  52
11110206   0.0446   0.7316   1.4490   0.0096   0.1976   0.0000   0.4512   1.8185   2.3098 645 933  49  50  51  52  50  52  52
11110209   1.7930   1.2324  16.6490   0.3600   0.0000   0.0000   0.0000   0.0000   0.0000 645 933  49  50  51  52  50  52  52
11110212   4.3345   1.3240   0.0000   7.3968   0.0000   0.0000   0.0000   4.8600   0.1840 645 933  49  50  51  52  50  52  52
11110215   9.0940   1.7770  14.3327   8.7888   2.9741   0.5769   0.8928   1.3523   0.0000 645 933  49  50  51  52  50  52  52
11110218  19.8188   1.5951  39.2221   6.2160   7.5106   1.7354   0.0000   0.0000   0.0000 645 933  49  50  51  52  50  52  52
11110221  22.0826   0.8913  22.2738   4.0080   0.0000   0.4108   0.0000   0.0000   0.0000 645 933  49  50  51  52  50  52  52
11110300   9.0446   2.4849  26.2884   0.0192  23.2047  25.3385   3.9936   0.0000   0.0000 645 933  49  50  51  52  50  52  52
11110303   6.8389   2.3087  30.3221   0.0000  16.9082  26.4277   0.3600   0.0000   0.8192 645 933  49  50  51  52  50  52  52
11110306   3.8107   4.4450   5.2558   0.2640   7.5576  13.1677   5.9424   0.0000   0.0599 645 933  49  50  51  52  50  52  52
11110309   2.6486   3.1079   0.2894   0.2976   0.7435   1.0200   0.1968   0.0000   1.5023 645 933  49  50  51  52  50  52  52
11110312   0.8800   1.5745   2.2297   0.0576   0.6212   0.1708   1.6080   0.0000   0.0000 645 933  49  50  51  52  50  52  52
11110315   0.3516   1.5774   2.6857   0.0288   0.0000   2.9354   6.0480   0.9138   0.5166 645 933  49  50  51  52  50  52  52
11110318   0.3371   1.3263   0.0000   0.0000   0.1600   4.3292   0.0864   0.0000   0.8629 645 933  49  50  51  52  50  52  52
11110321   0.0666   0.1947   0.0000   0.0000   0.0000   0.0415  20.3232   0.0000   5.6670 645 933  49  50  51  52  50  52  52
11110400   0.0342   1.8657   0.4505   0.0000   0.0000   0.0000  43.0560   0.0000   0.2271 645 933  49  50  51  52  50  52  52
11110403   0.1045   2.3763   0.9775   0.0000   0.0000   0.0000  36.8736   0.0000   0.0000 645 933  49  50  51  52  50  52  52
11110406   0.0000   2.6292   0.0000   0.0000   0.0000   0.0646  59.2224   0.0000   1.4566 645 933  49  50  51  52  50  52  52
11110409   0.0000   6.3686   0.0899   0.0000   0.0000   0.0000  97.1520   0.0000   0.0000 645 933  49  50  51  52  50  52  52
11110412   0.0279   2.0466   1.8576   0.3792   0.0000   0.0000  17.2848   0.0000   0.0000 645 933  49  50  51  52  50  52  52
11110415   0.1313   1.8742   4.9217   1.3056   0.0894   0.0000   0.0000   0.9692   0.0000 645 933  49  50  51  52  50  52  52
11110418   0.1678   1.4786   5.4271   2.7456   0.0000   0.0000   1.5696   0.0000   0.0000 645 933  49  50  51  52  50  52  52
11110421   0.0000   1.7296   0.0000  39.3888   0.0000   0.1338   4.3776   5.4369   2.0867 645 933  49  50  51  52  50  52  52
11110500   0.0049   0.1477   0.1572  18.9168   0.0000   0.2077   2.5488   7.2831   0.0000 645 933  49  50  51  52  50  52  52
11110503   0.4560   0.1613   5.5164   0.0624   0.0612   0.2677   0.0000   4.3154   0.0000 645 933  49  50  51  52  50  52  52
11110506   0.5228   0.0000   0.0000   0.2832   0.0000   0.0000   0.0000   0.0000   0.1993 645 933  49  50  51  52  50  52  52
11110509   0.0000   0.0000   5.6207   0.0000   0.0000   0.0000   0.0000   0.0000   0.7740 645 933  49  50  51  52  50  52  52
11110512   0.0630   0.1518  13.7059   0.0960   0.0000   0.0000   0.0000   0.0277   0.0000 645 933  49  50  51  52  50  52  52
11110515   0.1447   0.4113   1.1634   0.0960   0.4000   0.0000   0.1008   0.0000   0.0000 645 933  49  50  51  52  50  52  52
11110518   0.4491   0.0756   0.5773   0.6528   0.0000   0.0000   0.0000   0.0000   0.0000 645 933  49  50  51  52  50  52  52
11110521   0.2017   0.1965   0.0000   0.0000   0.0000   0.0000   3.3600   0.0000   0.3161 645 933  49  50  51  52  50  52  52
11110600   1.9990   1.5596   3.5629   0.0000   0.0000   0.0000   1.6560   1.0338   0.0000 645 933  49  50  51  52  50  52  52
11110603   1.6651   2.0985   1.7441   0.0720   0.0188   0.0231   1.2000   0.0000   0.0000 645 933  49  50  51  52  50  52  52
11110606   1.5249   0.6956   0.4706   0.0000   0.0000   0.0000   0.0000   0.0000   0.0000 645 933  49  50  51  52  50  52  52
11110609   0.1177   2.2554  14.0761   0.0000   0.0000   0.0000   0.0000   0.0000   0.0493 645 933  49  50  51  52  50  52  52
11110612   0.1340   4.4941  54.1196   0.0000   0.0282   0.1708  16.2048   0.0000   0.0000 645 933  49  50  51  52  50  52  52
11110615   0.2518   2.9240  55.8593   0.0000   0.0000   0.0000   9.6960   0.0000   0.0000 645 933  49  50  51  52  50  52  52
11110618   0.0347   4.0857   2.2076   0.0000   0.0000   0.0000  32.6928   0.0000   0.0000 645 933  49  50  51  52  50  52  52
11110621   0.0530   3.2399   2.1009   0.0000   0.0000   0.0000  49.3872  18.6877   0.9752 645 933  49  50  51  52  50  52  52
11110700   0.9544   4.6814   4.4282   0.0000   0.0000   0.0000   9.3504   9.0600   0.0000 645 933  49  50  51  52  50  52  52
11110703   1.7780   1.9123   7.3410   0.0000   0.0000   0.0000   8.7792  29.9215   3.1483 645 933  49  50  51  52  50  52  52
11110706   1.6577   1.1725   0.0000   0.0000   0.0000   0.1892   8.2320   3.0692  12.3691 645 933  49  50  51  52  50  52  52
11110709   0.0372   1.1555  10.6656   0.0000   0.0000   0.0000   0.0000  13.1631  37.6425 645 933  49  50  51  52  50  52  52
11110712   0.6508   4.6729  72.5385   0.0000   0.0000   0.0000   3.8448   0.0000  29.0338 645 933  49  50  51  52  50  52  52
11110715   1.9158   2.9793  57.6321   0.0000   0.0000   0.0000   2.9952   0.0000   0.0000 645 933  49  50  51  52  50  52  52
11110718   4.3622   5.2720  15.8195   0.0000   0.0000   1.0662   3.0000   0.0000   0.0000 645 933  49  50  51  52  50  52  52
11110721   1.7208   0.9224   1.2639   0.0000   0.0000   0.9969   0.0000   0.0000   0.0890 645 933  49  50  51  52  50  52  52
11110800   4.5897   0.7825   4.3183   0.0000   0.1318   5.4877   0.0624   1.5738   0.0000 645 933  49  50  51  52  50  52  52
11110803   8.0392   0.5230  10.4339   0.0000   0.6024   4.1631   3.4176   0.8169  26.8843 645 933  49  50  51  52  50  52  52
11110806   4.0033   0.2436   0.0000   0.0000   0.0000   0.0462   2.5392   0.0000  23.6490 645 933  49  50  51  52  50  52  52
11110809   3.7410   1.8323   0.2499   0.0000   0.0000   0.0000  74.4912   0.0277   6.6280 645 933  49  50  51  52  50  52  52
11110812   1.9554   9.1570   0.6178   0.0720   0.1129   1.3338  69.9312   0.6785  20.4905 645 933  49  50  51  52  50  52  52
11110815   0.0156  14.6158   0.0000   0.0000   0.0000   0.0000  87.3504   0.8446   1.1470 645 933  49  50  51  52  50  52  52
11110818   0.0417  18.5119   0.0000   0.0000   0.0000   0.0415  53.2896   0.0000   0.3432 645 933  49  50  51  52  50  52  52
11110821   1.6722  32.7169   0.0000   0.0000   0.0000   0.7015  49.6752   0.2215   0.5973 645 933  49  50  51  52  50  52  52
11110900   5.1777  20.6469   0.2059  16.9296   1.3129   1.8462  34.1952   0.2308   0.0000 645 933  49  50  51  52  50  52  52
11110903   4.7999  20.0877   0.0966  20.2944   0.0000   1.4354  34.4208   0.3600   5.5483 645 933  49  50  51  52  50  52  52
11110906   2.0160  15.6463   0.0000  31.5360   0.0000   0.5723  44.8752   0.0000  10.6040 645 933  49  50  51  52  50  52  52
11110909   3.2953   7.5931   0.0000   0.0000   0.0000   7.8692  50.8848   0.0000   5.0739 645 933  49  50  51  52  50  52  52
11110912   5.7148   5.9717   1.2179   0.0720   0.7200  25.6708   8.0976   0.9969   8.4084 645 933  49  50  51  52  50  52  52
11110915   6.9284   3.7888   0.0000   0.3264   0.0000  28.5415   0.2496   0.0000  45.8038 645 933  49  50  51  52  50  52  52
11110918   1.9907   2.0414   0.0000   0.0000   0.0000  10.8831   1.7232   0.0000  21.8363 645 933  49  50  51  52  50  52  52
11110921   6.6750   1.6185   0.0000   0.0000   0.0000  78.0185   0.0000   0.0000  12.4050 645 933  49  50  51  52  50  52  52
11111000   8.4394   2.3120   0.0000   0.0144   0.0094  45.6969   5.2800   0.0000   2.8602 645 933  49  50  51  52  50  52  52
11111003   9.5873   0.9345   0.0000   0.0000   0.0000  33.2308   0.0000   0.0000  22.7737 645 933  49  50  51  52  50  52  52
11111006  12.6266   0.9988   0.0000   0.0000   0.0000  41.6446   2.1984   0.0000  19.1143 645 933  49  50  51  52  50  52  52
11111009  11.2067   0.2307   0.3008   0.9744   0.0000  14.2431   0.0000   0.0000  30.4559 645 933  49  50  51  52  50  52  52
11111012   3.9896   1.9082   0.0000   0.8640   4.2871   6.9831   0.3168   0.0000  55.6922 645 933  49  50  51  52  50  52  52
11111015   1.5881   1.9645   0.0839   5.4576   1.7224   4.1446   4.0704   0.4754 128.8954 645 933  49  50  51  52  50  52  52
11111018   0.7792   0.5842   0.0325   0.0000   0.6259   2.3123   2.4672   0.0000  61.8181 645 933  49  50  51  52  50  52  52
11111021   2.1849   0.9739   0.0000   1.0080   6.7624   0.0000   0.0000   0.0000  13.2708 645 933  49  50  51  52  50  52  52
11111100   4.1500   2.3727   0.0278   8.3280   0.0847   5.2154   0.0672   0.4477  28.3691 645 933  49  50  51  52  50  52  52
11111103   3.1170   2.5577   0.0000   1.4976   0.0000   0.5308   0.0000   0.0000  31.8385 645 933  49  50  51  52  50  52  52
11111106   0.9927   0.5708   0.0000   0.0528   0.0000   1.9431   0.0000   0.0000  12.3555 645 933  49  50  51  52  50  52  52
11111109   0.4904   2.2691   0.0000   1.6656   0.0000   0.1938   2.5536   0.4615   0.2192 645 933  49  50  51  52  50  52  52
11111112   3.0746   1.8647   0.0249  10.1856   0.0188  11.4785   0.0000   0.0000   0.8883 645 933  49  50  51  52  50  52  52
11111115   1.0761   2.8599   0.0000   5.3760  12.0424   4.5323   1.4544   0.1200  12.7420 645 933  49  50  51  52  50  52  52
11111118   0.5913   0.9615   0.0000   0.0000  13.6894   0.5677   1.9440   0.0000   8.3463 645 933  49  50  51  52  50  52  52
11111121   0.8674   1.4148   0.0593   8.0448   2.4612   4.1538   0.0000   0.0000   4.7907 645 933  49  50  51  52  50  52  52
11111200   2.9058   4.0975   0.6698   6.5376  12.8847   6.8677   7.2336   0.6231  13.9155 645 933  49  50  51  52  50  52  52
11111203   0.4755   1.7639   0.0000   9.0288  19.6235   0.0000   0.0000   1.4031  51.4772 645 933  49  50  51  52  50  52  52
11111206   0.2720   0.2986   0.0000   0.6624   4.5741   0.0000   0.0000   0.6277  30.4376 645 933  49  50  51  52  50  52  52
11111209   1.9420   0.6603   0.0840  23.8128   1.9765   0.0000   0.0000   2.8754   5.2935 645 933  49  50  51  52  50  52  52
11111212   3.2353   0.5572   0.8599  36.8880   1.3929   0.0000   0.0000  14.4000   0.0000 645 933  49  50  51  52  50  52  52
11111215   1.8820   0.8208   0.0000  21.5424   2.0424   0.0000   0.0384   5.4600   0.4926 645 933  49  50  51  52  50  52  52
11111218   0.0000   0.5379   0.0000  15.0864   8.0424   0.1892   0.0000   3.6000  13.7404 645 933  49  50  51  52  50  52  52
11111221   0.8900   1.5637   0.0000   2.7456   7.5341   0.2262   0.0000   0.9138   8.3001 645 933  49  50  51  52  50  52  52
11111300   2.0279   1.8652   0.8448   8.7792   2.7859   0.6692   0.0000   1.0892   0.0000 645 933  49  50  51  52  50  52  52
11111303   0.5302   0.0000   0.0000   5.2992   0.0000   0.0000   0.0000   0.0000   0.7540 645 933  49  50  51  52  50  52  52
11111306   0.0000   0.0450   0.0000   2.9616   0.0000   0.0000   0.0000   5.3585   0.3731 645 933  49  50  51  52  50  52  52
11111309   1.5557   1.4318   1.3374   0.0000   3.9671   1.8969   0.0000   0.0000   0.0000 645 933  49  50  51  52  50  52  52
11111312   0.6395   0.2181   6.9345   0.0000   2.1882   0.1892   0.0000   0.1015   1.0618 645 933  49  50  51  52  50  52  52
11111315   0.0218   0.1322   3.5069   0.0000   0.0000   0.0000   0.0000   0.0000   0.0000 645 933  49  50  51  52  50  52  52
11111318   0.0102   0.0687   6.0324   0.0000   0.0282   0.0000   0.0000   0.0000   0.0138 645 933  49  50  51  52  50  52  52
11111321   0.7526   1.3765   0.8498   0.0336   0.0000   2.6446   0.0000   0.0000   0.4535 645 933  49  50  51  52  50  52  52
11111400   0.2111   3.2015   0.5502   0.0000   0.0753   0.0692   0.2496   7.1908   0.0000 645 933  49  50  51  52  50  52  52
11111403   0.1857   0.8576   0.0000   0.0000   0.0000   0.0000   0.0000   0.3738   0.2001 645 933  49  50  51  52  50  52  52
11111406   0.0000   0.0890   0.0000   0.0000   0.0000   0.0000   0.0000   0.8400   0.0844 645 933  49  50  51  52  50  52  52
11111409   0.0104   5.7940   0.0796   0.0000   2.6635   0.1431   0.0720  10.7446   0.0000 645 933  49  50  51  52  50  52  52
11111412   0.0561   7.0215   1.3519   0.9360   1.1341   0.0000   0.0000   1.1169   0.0000 645 933  49  50  51  52  50  52  52
11111415   0.1789   7.0781   3.4363   0.0000   0.0000   0.1246   7.8576   2.0631   0.0000 645 933  49  50  51  52  50  52  52
11111418   0.4004   2.2377   8.9466   0.0000   0.0000   0.0000   1.4976   0.0000   0.0000 645 933  49  50  51  52  50  52  52
11111421   1.6520   4.6938   2.9131   0.8544   0.0000   0.7615   9.2592   2.5662   0.0000 645 933  49  50  51  52  50  52  52
11111500   0.2835   3.9964   0.0000   0.0000   0.0329   0.0000   8.2272   0.0000   0.0000 645 933  49  50  51  52  50  52  52
11111503   0.0283   4.2495   0.0000   0.0384   0.0000   0.0462   9.6480   0.0000   0.0000 645 933  49  50  51  52  50  52  52
11111506   0.0000   2.0250   0.0000   0.0000   0.0000   0.0000   4.7760   0.0000   0.5904 645 933  49  50  51  52  50  52  52
11111509   0.2966   4.0165   0.4196   1.5888   0.0565   0.0000   8.5152   1.6615   1.9392 645 933  49  50  51  52  50  52  52
11111512   0.6768   5.6844   9.6816   0.0000   1.7035   0.5446  13.1952   0.0000   0.3244 645 933  49  50  51  52  50  52  52
11111515   1.2994   4.5963  36.1208   0.0000   0.0000   0.0000  16.4736   0.0000   0.0000 645 933  49  50  51  52  50  52  52
11111518   1.4515   5.0961  24.4805   0.0000   0.7482   0.0000  45.6768   0.0000   0.9308 645 933  49  50  51  52  50  52  52
11111521   0.6463  11.6965   0.3785   0.0000   4.8659   0.0000  88.7952   3.8123   2.6971 645 933  49  50  51  52  50  52  52
11111600   0.0528  15.0081   0.1997   0.0000   0.0000   0.0000 158.3808   0.7108   0.5023 645 933  49  50  51  52  50  52  52
11111603   0.2225  13.5735   0.2135   0.2592   1.1341   0.0000  82.0416   0.6738   6.8370 645 933  49  50  51  52  50  52  52
11111606   0.0000   7.9069   0.0000   0.0000   0.0000   0.0000  28.8912   0.0738   8.0215 645 933  49  50  51  52  50  52  52
11111609   2.2058  10.1482   2.6410   0.7584   1.3271   0.0000  19.5408   0.0000   7.9796 645 933  49  50  51  52  50  52  52
11111612   0.4093   7.6177   0.8378   0.3936   1.6047   0.0000   0.0000   0.0000   5.0842 645 933  49  50  51  52  50  52  52
11111615   0.0041   4.6647   0.0000   0.0000   0.0800   0.0000   0.1152   1.7769   1.1884 645 933  49  50  51  52  50  52  52
11111618   0.0000   3.7060   0.0000   0.0000   0.0000   0.0000   0.3312   0.5031   0.7557 645 933  49  50  51  52  50  52  52
11111621   0.9447   5.6993   0.0000   0.1488   6.8988   0.6692   0.6096   0.8677  10.4657 645 933  49  50  51  52  50  52  52
11111700   1.7085   6.6222   0.5321   0.8832  11.9953   0.0554   2.0880   0.0000  29.7605 645 933  49  50  51  52  50  52  52
11111703   1.9226   7.2836   0.6255   0.0624   1.6753   0.2862   0.9504   0.0000  24.4227 645 933  49  50  51  52  50  52  52
11111706   2.7211   5.7271   0.0000   1.9248   0.0000   0.0000   1.1520   0.6462  84.5341 645 933  49  50  51  52  50  52  52
11111709   6.1276   7.8843   0.0000   2.0976   2.3859   3.4754   2.9088   0.5954  57.8850 645 933  49  50  51  52  50  52  52
11111712   7.0077   4.2189  32.6256  15.7824   0.1929   8.0954   0.0000   0.0000  58.2573 645 933  49  50  51  52  50  52  52
11111715   7.3342   3.4037  35.5424   5.0304   6.2447   3.4569   0.0000   0.0323  28.1225 645 933  49  50  51  52  50  52  52
11111718  11.6957   6.8051  85.4352   5.5248  19.3882  37.2646   0.0000   0.0000  10.0129 645 933  49  50  51  52  50  52  52
11111721  15.4015   7.5591  25.5540   0.3024  41.8729  30.1338   2.3808   0.0000  21.1302 645 933  49  50  51  52  50  52  52
11111800  12.5584  13.1133   6.6106   8.3568  43.5812   2.1785  15.4656   0.0000  18.7874 645 933  49  50  51  52  50  52  52
11111803   8.9060  12.1644   0.4396   8.7408  47.8400   0.1523   4.3776   0.0000   5.4832 645 933  49  50  51  52  50  52  52
11111806   4.0127  11.9969   0.0000   0.1968  29.3459   0.4062   2.1360   2.4554   0.0000 645 933  49  50  51  52  50  52  52
11111809   7.0936  13.5426   0.0000   0.2496  49.3506   0.0000   0.0000   0.0000   0.1191 645 933  49  50  51  52  50  52  52
11111812   4.3556   7.6571  49.9211   0.8112  31.5859   0.0462   0.7344   1.0015   1.5515 645 933  49  50  51  52  50  52  52
11111815   4.7806   4.9073  65.6157   0.1344  14.2447   0.0000   0.0816   2.0538   0.0000 645 933  49  50  51  52  50  52  52
11111818   3.4377   3.2926   6.0326   0.0912   4.9082   0.1154   2.6544   0.0000   0.1281 645 933  49  50  51  52  50  52  52
11111821   1.9454   6.4396   1.1009   0.0000   0.7435   1.6154   3.0048  12.6969   0.2519 645 933  49  50  51  52  50  52  52
11111900   0.9611   6.2120   0.0000   0.0000   0.7576   6.6231   0.0816  17.7600   0.0000 645 933  49  50  51  52  50  52  52
11111903   0.5470   5.5645   0.1567   0.2592   0.0000   4.5969   2.2224  21.4938  34.9584 645 933  49  50  51  52  50  52  52
11111906   0.1738   7.2023   0.0000   0.0000   0.0000   0.3185   0.0000   6.7938  30.4126 645 933  49  50  51  52  50  52  52
11111909   0.8722   7.5110   1.4752   1.9440   0.0000   0.0969   0.7200   0.0000   0.0000 645 933  49  50  51  52  50  52  52
11111912   0.7910   5.2283  28.3328   0.1776   0.0000   0.4800   2.6352   0.0000   0.0000 645 933  49  50  51  52  50  52  52
11111915   6.1572   4.8144  32.0081   0.6672   0.1082   0.0000   6.0960   1.1123   0.0588 645 933  49  50  51  52  50  52  52
11111918   5.9512  11.9666  12.5604   0.3840   0.7435   0.0185  10.1712   6.0462   0.0000 645 933  49  50  51  52  50  52  52
11111921   4.7730  13.1660  11.0683   0.0528   0.0000   0.0000  31.4112   1.1538   0.0000 645 933  49  50  51  52  50  52  52
11112000   1.4067  16.1680   4.6139  28.6608   0.0000   0.1523  27.4608   0.2446   0.0000 645 933  49  50  51  52  50  52  52
11112003   2.6050  12.5947   8.8790   3.4128   0.0000   0.1385   9.9120   0.0000   0.2598 645 933  49  50  51  52  50  52  52
11112006   8.8513  25.9679   0.1826  21.2496   2.3153   5.4646  10.6944   0.0000   3.0011 645 933  49  50  51  52  50  52  52
11112009  18.9571  14.5556   0.2354  31.1616   0.0000   2.2662   0.0000   0.1985   0.0000 645 933  49  50  51  52  50  52  52
11112012  19.1479   3.0184   0.0000  48.0288   0.1929  15.8677   0.0000   0.0000   0.0000 645 933  49  50  51  52  50  52  52
11112015  20.9580   3.2404   1.6898  35.8560   0.0000   1.2185   0.1728   0.0000   0.8278 645 933  49  50  51  52  50  52  52
11112018  20.7903   2.8545  13.4133  29.3136   0.0000  10.7538   3.8544   0.0000   0.0000 645 933  49  50  51  52  50  52  52
11112021  20.3450   1.9812   0.3585  17.6112   0.0000  11.1738   5.2992   0.0000   0.0000 645 933  49  50  51  52  50  52  52
11112100  19.0876   5.2815   1.4181  31.3440  11.0353   4.0523  27.1824   0.0000   1.3777 645 933  49  50  51  52  50  52  52
11112103  16.8435   2.5893   5.4314   2.8464  22.6353   2.9215  27.4704   0.0000  10.4168 645 933  49  50  51  52  50  52  52
11112106  12.5057   4.5160   2.8328   1.5984  13.1765   1.0662  15.7392   0.0000  47.0455 645 933  49  50  51  52  50  52  52
11112109  15.2512   3.4166  11.9712   4.3056   3.0729   0.0000  11.3232   0.0000  67.6538 645 933  49  50  51  52  50  52  52
11112112   8.0746   3.2118   9.9718   0.0000   4.6400   0.3969   0.0000   0.0000   0.3831 645 933  49  50  51  52  50  52  52
11112115   2.4886   2.7398   0.0000   0.0000   0.2588   0.5446   2.7552   0.0000   0.0000 645 933  49  50  51  52  50  52  52
11112118   2.4263   3.8531   4.1869   0.4656   0.0000   2.6215   1.4448   0.0000   0.0000 645 933  49  50  51  52  50  52  52
11112121   1.2127   8.6549  10.9854   0.0000   0.7012  11.0769   0.0000   0.0000   0.0000 645 933  49  50  51  52  50  52  52
11112200   2.5741  13.2252   0.5322   0.2496   0.3624  20.7231   0.0000   0.0000   0.0905 645 933  49  50  51  52  50  52  52
11112203   5.6287  14.4954   0.0000   0.0000   1.5529  56.5062   0.0000   0.0000   1.1306 645 933  49  50  51  52  50  52  52
11112206   4.7230   9.5066   0.5693   0.5328   0.2918  30.0692   0.0000   0.0092  13.0343 645 933  49  50  51  52  50  52  52
11112209   6.4223   7.2332   1.0282   9.8064   8.9741   4.5185   0.0000   0.0000   9.6147 645 933  49  50  51  52  50  52  52
11112212   8.5935   4.8118   0.1745  33.7488   1.8447   0.3646   2.6736   0.0000   1.8993 645 933  49  50  51  52  50  52  52
11112215   6.6215   2.3810   3.1561  39.2208   0.3765   1.6292   0.0000   0.0000   0.0000 645 933  49  50  51  52  50  52  52
11112218   3.0540   6.0373   8.0229  33.3072  13.5059   0.0000   6.5712   0.0000   0.0000 645 933  49  50  51  52  50  52  52
11112221   9.6003  14.2915   9.3952   1.6560  36.0800   0.2262   6.0048   0.0000   1.9945 645 933  49  50  51  52  50  52  52
11112300   8.5041  17.2450   2.4819  14.0736  50.8706   0.8954   6.0528   0.0000  12.4656 645 933  49  50  51  52  50  52  52
11112303  13.4363  14.5618   0.0000  23.8080  55.4823   0.8769   3.5328   0.1385  84.2752 645 933  49  50  51  52  50  52  52
11112306  15.7220   9.8405   4.8447  23.3664  43.0965   1.0062   0.0000   0.0000  58.1464 645 933  49  50  51  52  50  52  52
11112309  25.8556  14.5906   3.8634   1.6464  70.5694   0.8446   1.2048   0.0000   5.8563 645 933  49  50  51  52  50  52  52
11112312  34.3527  12.7928   4.5329   3.0192  56.9365   1.6062  13.7280   0.3185   7.3503 645 933  49  50  51  52  50  52  52
11112315  41.5934  19.8822  11.8738   7.1520  53.4776   2.2938   0.0000   0.0000   1.4607 645 933  49  50  51  52  50  52  52
11112318  42.0241  20.2663   5.1670  25.1520  27.3600   8.1738   2.3664   0.6738   5.9313 645 933  49  50  51  52  50  52  52
11112321  58.3687  26.4957   0.0477  92.1264  43.7741   5.9123   0.0000   0.0000   1.6354 645 933  49  50  51  52  50  52  52
11112400  47.2223  26.8190   1.9663 128.8368   3.3976  16.7123   0.3696   1.4400   7.9185 645 933  49  50  51  52  50  52  52
11112403  40.3727  27.0675   0.1650  63.9264   3.4353  26.9908   0.1056   1.0800   5.2608 645 933  49  50  51  52  50  52  52
11112406  49.3258  28.0885   0.8780  67.3872   3.9953  22.1677   1.2096   0.0277   2.9059 645 933  49  50  51  52  50  52  52
11112409  52.2084  32.7329  14.6881  45.4800   0.9082  62.0123   0.0000   0.0000   4.0991 645 933  49  50  51  52  50  52  52
11112412  53.3965  16.2441  51.7221   5.5488  15.1106  76.9431   0.4080   3.5538   0.0000 645 933  49  50  51  52  50  52  52
11112415 103.2051  13.6934  16.8482   7.4352  40.0612  44.5154   1.0992   0.0000   0.0000 645 933  49  50  51  52  50  52  52
11112418 113.1596  16.6217   6.8443  14.8992  28.0706  77.1785   1.6464  13.4723   0.0000 645 933  49  50  51  52  50  52  52
11112421  72.8510  23.1640   6.8376  65.4864   0.2118  79.8277  19.4112   8.0492   0.0000 645 933  49  50  51  52  50  52  52
11112500  33.4247  23.5254   9.2200   9.3408   5.1106  59.1231  49.2864  13.2738   0.2040 645 933  49  50  51  52  50  52  52
11112503  31.2088  20.2567  17.8331  14.5584   0.6165  79.4308  13.9968   7.6615   0.0000 645 933  49  50  51  52  50  52  52
11112506  39.2856  26.0085  30.7915  20.5488   0.5271  88.6154   4.0560   7.5092   0.0000 645 933  49  50  51  52  50  52  52
11112509  41.8088  26.8754  28.5042  61.1472  15.4118  78.0923   6.5952   7.4308   0.0000 645 933  49  50  51  52  50  52  52
11112512  15.3903   8.5299   3.1168   0.3456   2.6353  47.4600   0.0000  17.4231   0.0000 645 933  49  50  51  52  50  52  52
11112515   9.6171   6.1307   5.1484   1.0704   3.4165  20.2615   0.0000   9.1892   0.1846 645 933  49  50  51  52  50  52  52
11112518  13.1456   5.4500   8.4523  11.2656   0.0000  53.4185   0.1728  15.1569   0.0000 645 933  49  50  51  52  50  52  52
11112521  11.1843   1.7669   9.2732   0.0000   1.4400   3.1062   0.0000   5.8246   0.3535 645 933  49  50  51  52  50  52  52
11112600  11.6420   0.9389   5.9214   0.0192   6.7153   0.5123   0.5280   8.9631   0.0000 645 933  49  50  51  52  50  52  52
11112603   6.6234   0.8741  10.6107   0.0000   0.3341   0.1154   0.0000   2.0862   0.5819 645 933  49  50  51  52  50  52  52
11112606   8.1053   1.2723   4.2539   0.0000   0.7059   2.8985   0.0000   3.5538   5.0634 645 933  49  50  51  52  50  52  52
11112609   6.2951   2.4656   5.5731   0.0000  18.3576   0.1938   0.0000   0.0000   1.1808 645 933  49  50  51  52  50  52  52
11112612   9.4552   8.1976   6.3337   0.0000  28.1741   2.4738   0.4512   0.0000   2.1324 645 933  49  50  51  52  50  52  52
11112615  14.3717  13.2954   0.0324   0.0000  14.3106   9.5031   0.6960   0.6000  29.5784 645 933  49  50  51  52  50  52  52
11112618  25.0218  19.8485  28.0447   0.0000  27.6471  20.3400   0.0000   0.2723  18.6361 645 933  49  50  51  52  50  52  52
11112621  27.4799  18.7462  15.7720   8.0976  21.2800   1.7908   0.0000   0.0000   4.9498 645 933  49  50  51  52  50  52  52
11112700  40.2736  10.4229  25.3583  10.2720  42.8329   1.8554   0.0672   0.0000   0.3530 645 933  49  50  51  52  50  52  52
11112703  42.0933   7.6743   5.8990   3.0000  84.4706   1.7538   0.6096   0.1938  19.2021 645 933  49  50  51  52  50  52  52
11112706  46.8703  22.4730   0.6351  33.3504  41.7271   1.6246   8.3088  27.7477   9.0767 645 933  49  50  51  52  50  52  52
11112709  35.1470  14.1795   2.6008   6.1488   2.6494   3.3692   0.0000  28.1954   0.2081 645 933  49  50  51  52  50  52  52
11112712  19.2749  14.5813  41.5281  88.3584   2.1082   3.1385   0.7776  12.0046   0.6465 645 933  49  50  51  52  50  52  52
11112715  14.5779  15.7706  13.2618  26.5296  17.3788  25.3108   0.1920   1.7492   0.0000 645 933  49  50  51  52  50  52  52
11112718  23.6121  22.8756  10.3213  27.8592  21.3929  50.3308   1.4832  22.0985   0.0753 645 933  49  50  51  52  50  52  52
11112721  27.0369  41.1779   1.3647   0.7776  28.9647  68.7277   0.0000  24.5723   0.1552 645 933  49  50  51  52  50  52  52
11112800  23.6816  39.4287  15.3581   0.4560   0.5082  56.2200   0.5328  47.6031   0.0000 645 933  49  50  51  52  50  52  52
11112803  18.6395  52.5757   3.9123   0.3072   6.1176  86.9907   2.4192  35.4138   0.0000 645 933  49  50  51  52  50  52  52
11112806  19.0244  61.5418   1.8720   0.0000   0.0000  64.1400   6.6816  45.0923   0.0000 645 933  49  50  51  52  50  52  52
11112809  14.2246  55.9669   9.0506   0.5664   3.6800  57.2031  25.9632  64.4492   0.0498 645 933  49  50  51  52  50  52  52
11112812  11.6647  32.1471   0.0000   0.7728   0.1788  25.5323  16.5216  48.6462   0.0000 645 933  49  50  51  52  50  52  52
11112815  13.9795  32.5731   0.0000   4.1328   0.1224  15.0415  13.1808  79.5877   0.0000 645 933  49  50  51  52  50  52  52
11112818  17.3388  60.4278   0.0000  22.3248  43.0588  23.9308  26.5440 137.7507   0.0000 645 933  49  50  51  52  50  52  52
11112821  16.9261  52.7537   0.0000   0.0000  16.5082  43.7585  60.9504 114.0092   3.6389 645 933  49  50  51  52  50  52  52
11112900   3.4835  26.7043   0.0000   1.1472   2.2682   0.0277  66.2352  45.6046   4.8075 645 933  49  50  51  52  50  52  52
11112903   1.9390  23.3754   0.0000   0.0768   0.0471   0.6046  50.8848  56.0123   1.8290 645 933  49  50  51  52  50  52  52
11112906   1.3738  26.4412   0.0000   0.0000   0.0000   4.1908 101.3568  43.4308   1.1945 645 933  49  50  51  52  50  52  52
11112909   0.0543   8.4460   0.0000   0.0000   0.0000   4.8369  34.0848  39.1569   0.0000 645 933  49  50  51  52  50  52  52
11112912   0.2703   2.0957   5.4942   0.0000   0.1882   0.5169   6.9168  12.2077   0.0000 645 933  49  50  51  52  50  52  52
11112915   0.2084   1.5264   0.4699   0.0000   0.5129   0.6923   8.6352   1.5369   0.0000 645 933  49  50  51  52  50  52  52
11112918   2.1447   3.9218   0.4718   0.0432   0.5600  21.7385  13.8096   6.8123   0.0000 645 933  49  50  51  52  50  52  52
11112921   0.0709   1.2659   0.5462   0.0000   0.0000   0.0000   2.6448   0.0000   0.0000 645 933  49  50  51  52  50  52  52
11113000   3.0213   1.3788   2.9761   0.0000   0.0000   0.0000   1.3632   0.0969   0.0000 645 933  49  50  51  52  50  52  52
11113003   3.8944   0.1232   1.3340   0.0000   0.0000   1.1769   1.5168   0.5585   1.0185 645 933  49  50  51  52  50  52  52
11113006  10.4785   1.4313   3.0681   0.0000   0.0000  33.1292   0.8880   0.0000   0.0000 645 933  49  50  51  52  50  52  52
11113009   7.1136   0.0316  13.9026   0.0000   0.0000  14.1462   2.6976   0.4662   0.3985 645 933  49  50  51  52  50  52  52
11113012   4.7402   0.1039  14.8947   0.0000   0.0000   8.2708   0.4896   0.5492   0.0000 645 933  49  50  51  52  50  52  52
11113015   6.6705   0.7529   5.5437   0.8496   0.0000   4.3015   2.0400   0.7985   0.0000 645 933  49  50  51  52  50  52  52
11113018   5.9189   0.7781   5.7177   1.7904   0.0000   5.6354   0.0000   0.8723   0.0000 645 933  49  50  51  52  50  52  52
11113021   2.2121   0.0936   0.0000   0.0000   0.0000   0.0000   0.0000   0.0000   0.0646 645 933  49  50  51  52  50  52  52
11120100   0.6225   0.2372   0.0000   5.8704   0.0000   0.0000   0.0000   0.0277   0.0000 645 933  49  50  51  52  50  52  52
11120103   0.7914   0.1502   0.0000   0.0000   0.0000   0.0000   0.0000   0.0000   4.4055 645 933  49  50  51  52  50  52  52
11120106   1.1572   0.0502   0.1054   1.1856   0.0000   4.2831   0.0096   0.0000   2.1709 645 933  49  50  51  52  50  52  52
11120109   0.2158   0.1096   0.0000   0.0000   0.0000   0.0000   8.7696   0.0000   0.2214 645 933  49  50  51  52  50  52  52
11120112   0.5104   2.7617   9.6247   0.0192   0.0047   0.1938  19.0656   0.1246   0.0000 645 933  49  50  51  52  50  52  52
11120115   0.9828   0.8738  10.3863   0.0096   0.0000   0.0000  11.5872   0.0000   0.0000 645 933  49  50  51  52  50  52  52
11120118   1.2811   4.5276   1.2743   0.0000   4.8000   2.3908  39.5280   0.0000   0.0000 645 933  49  50  51  52  50  52  52
11120121   5.6588   4.9577   0.0686   0.0000   0.0000   0.0554  95.3904   0.0000   0.1846 645 933  49  50  51  52  50  52  52
11120200   5.5866   5.4264   0.0000   0.1824   7.8071   0.0000  16.6560   0.4800   0.5989 645 933  49  50  51  52  50  52  52
11120203   2.2355   3.1637   0.0000   0.0000   0.1741   0.0000   5.0784  22.9754   2.2352 645 933  49  50  51  52  50  52  52
11120206   2.1998   2.3213   0.0000   0.0000   0.0000   0.1246   8.6496   3.7200  10.6104 645 933  49  50  51  52  50  52  52
11120209   0.1057   0.0342   2.9300   0.0000   0.0000   0.0000   0.0000   0.0000   0.0000 645 933  49  50  51  52  50  52  52
11120212   0.2936   0.1765   0.5654   2.8032   0.7624   0.2815   5.3952   0.3692   0.0000 645 933  49  50  51  52  50  52  52
11120215   0.1232   0.6145   0.2579   0.0000   0.0000   0.0000   8.4384   1.0985   0.0000 645 933  49  50  51  52  50  52  52
11120218   0.0845   4.7038   0.0662   0.0624   0.0000   0.1708   8.3472  22.9615   0.1785 645 933  49  50  51  52  50  52  52
11120221   0.0108   4.0785   0.0000   0.0000   2.9741  10.5138   4.7424  11.3400   0.0000 645 933  49  50  51  52  50  52  52
11120300   0.2233   2.5597   0.0000   0.0480  14.4847  10.0062   2.8368   3.8769   0.0000 645 933  49  50  51  52  50  52  52
11120303   0.0242   1.9954   0.0000   0.0000   5.4871   0.0000   0.4512   0.6231   0.0000 645 933  49  50  51  52  50  52  52
11120306   0.0342   1.2062   0.0000   0.0000   0.0000   0.9831   0.0000   2.3631   0.0000 645 933  49  50  51  52  50  52  52
11120309   0.0000   0.9402   0.0000   0.0000   0.0000   0.0000   1.6752   0.0000   0.0000 645 933  49  50  51  52  50  52  52
11120312   0.2143   1.7034   0.2240   1.4064   0.2918   1.0800   5.0736   0.4985   0.0000 645 933  49  50  51  52  50  52  52
11120315   0.2236   0.6629   0.0000   0.0000   2.2494   0.0000   5.2176   0.0000   0.0000 645 933  49  50  51  52  50  52  52
11120318   0.0130   4.4854   0.0000   0.0000   0.0000   0.0000   4.5216   8.5200   0.0000 645 933  49  50  51  52  50  52  52
11120321   0.5585   1.1236   0.0000   0.8832   0.0000   0.0000   0.0000   2.3723   0.0000 645 933  49  50  51  52  50  52  52
11120400   0.8882   1.2327   0.0000   2.1024   3.2800   0.0000   1.7040   2.6446   0.0000 645 933  49  50  51  52  50  52  52
11120403   0.1087   0.3624   0.0000   0.0000   0.0329   0.0000   2.4384   0.0000   0.0467 645 933  49  50  51  52  50  52  52
11120406   0.0000   0.1186   0.0000   0.0000   0.0000   0.0000   0.0000   1.6108   0.0395 645 933  49  50  51  52  50  52  52
11120409   0.0000   0.4059   3.3653   0.0000   0.0000   0.0000   0.6144   1.2046   0.0000 645 933  49  50  51  52  50  52  52
11120412   0.2173   1.7317   0.9044   0.0576   0.6447   0.0000   0.5568   1.4308   0.0000 645 933  49  50  51  52  50  52  52
11120415   0.1228   1.1082   0.4258   0.0000   0.0000   0.0000   0.5424   1.2185   0.0000 645 933  49  50  51  52  50  52  52
11120418   0.0015   3.3999   0.0000   0.0000   0.0000   0.0185   0.1200   3.5215   0.8412 645 933  49  50  51  52  50  52  52
11120421   2.0469   2.7599   0.0000   0.0000   0.0000   1.6062   0.0000   0.2169   0.5648 645 933  49  50  51  52  50  52  52
11120500   3.1556   2.0183   0.0727   6.1200   2.3765   0.4154   0.2064   0.0000   0.0000 645 933  49  50  51  52  50  52  52
11120503   0.9872   1.8835   0.0000   0.0000   0.0000   0.7154   0.0000   0.0000   0.0000 645 933  49  50  51  52  50  52  52
11120506   0.1332   3.3003   0.0000   0.0000   0.0000   0.0000   0.2592   0.0000   0.0247 645 933  49  50  51  52  50  52  52
11120509   0.2009   0.2253   0.0000   0.0000   0.0000   0.0000   0.0000   0.0000   0.7027 645 933  49  50  51  52  50  52  52
11120512   0.5046   0.8152   1.3386   0.0432   0.0000   0.0277   0.9888   1.1815   0.0000 645 933  49  50  51  52  50  52  52
11120515   0.1841   0.6740   4.7624   0.0000   0.0000   0.1108   1.6416  11.9262   0.0000 645 933  49  50  51  52  50  52  52
11120518   0.0492   0.4126   0.6815   0.0000   0.0000   0.0000   0.0000  17.2385   0.6586 645 933  49  50  51  52  50  52  52
11120521   0.2222   2.5952   0.7609   0.0000   0.0000   0.0000   0.0000  85.0523   0.6053 645 933  49  50  51  52  50  52  52
11120600   0.1785   7.6352   0.0521   0.5280   0.6541   0.3923   0.3696  85.3939   0.0000 645 933  49  50  51  52  50  52  52
11120603   0.0000   9.3016   0.0000   0.0000   0.0000   0.0000   0.0000  60.5031   0.8293 645 933  49  50  51  52  50  52  52
11120606   0.0000   9.3327   0.0000   0.0000   0.0000   0.0000   0.0000   9.0508   0.0000 645 933  49  50  51  52  50  52  52
11120609   0.6188   6.2320   3.5890   0.0336   0.0000   0.6646   1.6944  11.4692   0.0000 645 933  49  50  51  52  50  52  52
11120612   0.4636   1.5666   0.0000   1.2624   1.0071   0.0000  15.7536  31.4215   0.0000 645 933  49  50  51  52  50  52  52
11120615   0.5367   1.9329   1.8303   1.4736   0.3576   0.0000  16.7568  58.9938   0.0000 645 933  49  50  51  52  50  52  52
11120618   0.2111   3.5851   1.2537   0.0000   0.0000   0.0000   3.0096  66.7385   0.0798 645 933  49  50  51  52  50  52  52
11120621   0.5721  14.9574   0.2011   0.0000   0.0000   0.2077  12.7968  21.7892   0.0000 645 933  49  50  51  52  50  52  52
11120700   0.8578  18.3596   1.5030   3.3168   0.0000   0.0000  20.9088  22.6800   6.5706 645 933  49  50  51  52  50  52  52
11120703   0.2716  22.5006   0.0000   0.8208   0.0000   0.0000  35.0976   3.2538   3.5527 645 933  49  50  51  52  50  52  52
11120706   0.2400  15.7747   0.0000   0.4608   0.0000   0.0000  58.1376   0.9415   0.7887 645 933  49  50  51  52  50  52  52
11120709   3.6365   2.8869   0.2264   0.0000   0.0000   0.0000  23.0400   0.0369   1.3103 645 933  49  50  51  52  50  52  52
11120712   7.0746   0.8604   0.0189   8.0112   0.0000   5.7138   0.8400   1.4492   0.0000 645 933  49  50  51  52  50  52  52
11120715   6.3684   0.0514   0.0000   9.6816   0.0000   3.7477   0.0000   0.0000   0.0000 645 933  49  50  51  52  50  52  52
11120718   4.3304   0.1659   0.0000   5.1984   0.0000   0.8908   0.6576   0.9969   0.3691 645 933  49  50  51  52  50  52  52
11120721  15.0794   0.5335   0.0000   3.3792  13.4541   0.0000   2.3280   2.4692   0.0988 645 933  49  50  51  52  50  52  52
11120800  16.3747   0.7722   0.0000   6.3360  10.9365   3.1754   0.0000   4.4954   0.0000 645 933  49  50  51  52  50  52  52
11120803  15.4143   0.2657   0.0000   3.1008  16.8941   0.0000   0.0000   0.0000   2.4291 645 933  49  50  51  52  50  52  52
11120806  14.0997   0.0872   0.0000   0.0000  20.9129   0.3600   0.0000   1.4908   5.7845 645 933  49  50  51  52  50  52  52
11120809  11.5326   1.4480   0.0984   2.5776  44.6824   0.0000   0.0000   2.0677   1.9150 645 933  49  50  51  52  50  52  52
11120812   9.4835   0.8250   1.7580   9.3888  45.3553   0.2262   0.0240   0.0000   0.4706 645 933  49  50  51  52  50  52  52
11120815   8.5293   0.3666   1.1426  17.1888  10.7859   0.0000   0.0000   0.0000  13.6898 645 933  49  50  51  52  50  52  52
11120818   8.4380   0.3357   0.0000  24.5424   8.8659   0.0000   0.0000   0.0000  22.5829 645 933  49  50  51  52  50  52  52
11120821   9.5687   0.3478   0.0000  34.9968  10.1600   0.5400   0.0096   0.0092   5.6373 645 933  49  50  51  52  50  52  52
11120900  10.7602   0.0340   0.0000  70.0800   1.8588   1.2508   0.0000   0.0000   6.2478 645 933  49  50  51  52  50  52  52
11120903  11.2685   0.1366   0.0000  50.7024   0.1882   0.0000   0.0576   0.0000  51.7371 645 933  49  50  51  52  50  52  52
11120906   8.5678   0.2233   0.0000  41.6784   2.6871   0.0000   0.0000   0.0000  62.1552 645 933  49  50  51  52  50  52  52
11120909   8.7907   0.7496   1.7570   2.7312   6.1318   0.9231   0.0000   0.3508  28.5720 645 933  49  50  51  52  50  52  52
11120912   6.9945   1.4387  17.7514   1.0656  20.4800   0.0000   0.0000   0.3369   3.7580 645 933  49  50  51  52  50  52  52
11120915   3.8617   0.4923  14.8410   0.3312   2.9271   0.0000   0.0000   0.1892   2.2931 645 933  49  50  51  52  50  52  52
11120918   1.5022   0.2896   7.1559   0.0096   0.0235   0.0000   0.0000   0.0000  13.3626 645 933  49  50  51  52  50  52  52
11120921   6.8272   3.7497   0.8637   2.4192   0.8753   1.4585   3.8112   0.0000  26.7745 645 933  49  50  51  52  50  52  52
11121000   7.0254   2.2534   0.2514   0.1056   1.1435   0.0000   0.0000   4.9569  60.7861 645 933  49  50  51  52  50  52  52
11121003   4.3594   1.2527   0.0000   0.0000   3.1765   0.0000   0.0384   2.9677 107.6967 645 933  49  50  51  52  50  52  52
11121006   0.2500   0.1042   0.0000   0.0000   1.2471   0.0000   0.0000   0.0738  79.7095 645 933  49  50  51  52  50  52  52
11121009   1.7648   0.9855   1.3152   0.0384   0.0000   2.7554   0.4272   0.0000  43.0369 645 933  49  50  51  52  50  52  52
11121012   1.0550   1.0848  37.1429   0.0000   0.7953  13.4262   0.0000   0.0000  21.4769 645 933  49  50  51  52  50  52  52
11121015   1.0328   0.1209  17.5714   0.0000   0.0000   5.6954   0.0000   0.0000   1.4794 645 933  49  50  51  52  50  52  52
11121018   1.2076   0.2781   6.8680   0.0000   0.0000   2.1646   0.0000   0.0000   0.0000 645 933  49  50  51  52  50  52  52
11121021   1.6086   2.0440   0.3249   1.7184   7.5435   5.4185   0.2304   0.1846   0.3416 645 933  49  50  51  52  50  52  52
11121100   1.2045   0.8165   0.0000   0.0000   2.2400   0.0000   0.0000   0.1015   0.0000 645 933  49  50  51  52  50  52  52
11121103   0.1712   0.6665   0.0000   0.0000   0.9835   0.0000   0.0624   0.0000   6.7495 645 933  49  50  51  52  50  52  52
11121106   0.0435   1.1251   0.7523   0.0000   0.0000   0.0000   0.0000   0.0738   0.0000 645 933  49  50  51  52  50  52  52
11121109   0.0424   0.2274   0.4623   0.5856   0.0000   0.0000   0.0720   0.5908   0.0000 645 933  49  50  51  52  50  52  52
11121112   3.0251   0.0214  60.2855  10.8096   1.0306   0.0000   0.0000   0.1385   1.3425 645 933  49  50  51  52  50  52  52
11121115   5.7643   0.2884  61.8088  11.4288   0.1035   0.0000   1.4400   0.0000  10.2864 645 933  49  50  51  52  50  52  52
11121118   9.7655   0.5716  28.0954  24.2400   0.0000   0.0000   0.0000   0.0046  13.5700 645 933  49  50  51  52  50  52  52
11121121   6.5559   0.5109   0.4178  21.3888   0.4471   0.0000   0.3264   0.0000  22.3929 645 933  49  50  51  52  50  52  52
11121200   9.6350   1.5241   0.0000   3.3888   0.0471   0.7385   1.2528   0.0000   0.8127 645 933  49  50  51  52  50  52  52
11121203  10.2381   1.2556   0.0000   0.0000   0.1835   0.0000   1.2720   0.0000  25.4610 645 933  49  50  51  52  50  52  52
11121206   3.1211   0.8769   0.0000   0.0720   0.0000   0.0000   0.0000   0.0000  38.4200 645 933  49  50  51  52  50  52  52
11121209   5.2275   1.0289   3.9811   0.1584   0.8941   0.1892   0.0000   0.0000  56.7188 645 933  49  50  51  52  50  52  52
11121212   3.2723   0.0633  93.5946   0.0000   0.0000   4.9015   0.0000   0.0000  61.2938 645 933  49  50  51  52  50  52  52
11121215   7.1482   0.0700  10.8431   5.8368   0.0000   0.0000   1.8480   0.0000  42.3126 645 933  49  50  51  52  50  52  52
11121218   2.9901   0.2943   5.2872   1.8624   0.1035   2.0862   0.3840   0.0000  15.1430 645 933  49  50  51  52  50  52  52
11121221   0.2685   0.5850   2.3312   9.4800   0.0000   0.0000   1.7472   0.0000   2.9597 645 933  49  50  51  52  50  52  52
11121300   0.3393   0.9785   0.0000   1.2096   0.0000   5.9677   0.0000   0.0000   0.0000 645 933  49  50  51  52  50  52  52
11121303   0.6634   0.6557   0.0000   0.9024   0.0000  19.3938   0.0000   0.0000   0.6376 645 933  49  50  51  52  50  52  52
11121306   6.2947   1.9007   2.0525   3.7392   0.0000  56.5708   0.0000   0.0000   6.9555 645 933  49  50  51  52  50  52  52
11121309   5.4538   1.4927   6.8781   0.0000   0.0000  73.9938   0.0144   0.0000   0.7811 645 933  49  50  51  52  50  52  52
11121312   7.9955   0.1639   1.0614   0.8160   0.0000   9.4800   0.0000   1.2508   2.9150 645 933  49  50  51  52  50  52  52
11121315  10.3539   0.6577   0.6083   0.1248   3.0729   0.3600   1.0800   0.0000   0.5360 645 933  49  50  51  52  50  52  52
11121318   6.5501   3.2826  10.9544   2.1312   0.7576   4.2831   3.3600   0.0000  19.0164 645 933  49  50  51  52  50  52  52
11121321   4.8728   1.5632   5.9475   1.7664   1.0918   0.1800   0.0000   0.0000   9.0455 645 933  49  50  51  52  50  52  52
11121400   1.3837   1.7718   1.9106   9.4464   3.3035  29.3123   0.0000  13.0431   7.7240 645 933  49  50  51  52  50  52  52
11121403   1.7189   1.2422   1.8134  20.9712   0.5129  32.6492   0.0000  11.2385  68.6564 645 933  49  50  51  52  50  52  52
11121406   5.2264   0.5538   5.6338   8.1840   0.0000  20.2200   0.0000  10.0938  27.6909 645 933  49  50  51  52  50  52  52
11121409  10.9359   0.3570  10.6448   2.3520   1.1624  43.2692   0.1008   4.4354   6.4401 645 933  49  50  51  52  50  52  52
11121412  16.9518   2.2035   0.5958   1.0944   0.0000  28.9338   1.4112   2.9585   0.4292 645 933  49  50  51  52  50  52  52
11121415  12.0785   2.0100   0.7198   0.1680   0.0000  12.7246   1.4448   3.6369   0.0000 645 933  49  50  51  52  50  52  52
11121418   5.4686   1.5684   0.2117   2.7552   0.5412   2.9723   2.1504   1.7954   0.0000 645 933  49  50  51  52  50  52  52
11121421   5.9851   3.0241   1.8597   0.0000   0.1176  11.3262   0.0000   0.0000   0.7413 645 933  49  50  51  52  50  52  52
11121500   5.1611   6.0923   3.0222   0.1584   7.7271   2.5523   0.0000   2.4323   0.1624 645 933  49  50  51  52  50  52  52
11121503   3.3831   6.9595   2.0444   1.2864   1.7459  16.6431   0.0000   0.1754   0.0692 645 933  49  50  51  52  50  52  52
11121506   2.4119   6.1091   0.0839   0.0720  11.2706  17.8015   2.0400   1.1631   0.0778 645 933  49  50  51  52  50  52  52
11121509   4.1522   8.9567   4.2141   0.0000   0.0000  83.7923   0.0000   0.0000   0.0925 645 933  49  50  51  52  50  52  52
11121512   4.5201  10.8388   0.1881   0.0000   6.8376  26.8246  11.1216   0.7431   6.7685 645 933  49  50  51  52  50  52  52
11121515   4.1209  13.3677   0.8136   0.0000   3.3271  10.3385   4.8864   0.8862  26.5256 645 933  49  50  51  52  50  52  52
11121518   2.3688  10.2472   0.0774   0.0336   3.6753   1.4215   6.2256   1.5000   5.0165 645 933  49  50  51  52  50  52  52
11121521   0.5838  26.1296   0.0000   0.0000   9.5482   0.0000   0.8016   0.0000   0.4265 645 933  49  50  51  52  50  52  52
11121600   5.5892  11.4014   0.1200   2.5872  16.3482   1.1446   0.9888   0.0000   0.6941 645 933  49  50  51  52  50  52  52
11121603   4.3278  30.4790   0.0000   0.0000  14.8706  49.3062   9.2016   2.6677   0.4420 645 933  49  50  51  52  50  52  52
11121606   9.2186  22.3071   0.6786   0.0000  28.1082  93.8169  13.0560   7.8554   3.7771 645 933  49  50  51  52  50  52  52
11121609  14.6140  37.7638   0.0000   0.2208  21.5718  79.1677   6.3408   0.1708   1.6077 645 933  49  50  51  52  50  52  52
11121612  21.9181  23.6990   0.0000   9.7392   4.2588   2.1277   0.6048   0.6138  11.3683 645 933  49  50  51  52  50  52  52
11121615  25.0441  22.8406   0.0000  11.5296   6.7576   0.0000   5.7792   0.0000  15.9930 645 933  49  50  51  52  50  52  52
11121618  17.7995  20.0388   0.0089  27.0192   5.2235   0.0000   2.2896   0.0000  15.8049 645 933  49  50  51  52  50  52  52
11121621  38.5771  24.4844   0.0000  11.1168   1.5482   3.3323  12.1344   0.0000   0.0831 645 933  49  50  51  52  50  52  52
11121700  31.0843  22.6577   0.0000   3.0624   0.1082  29.6862  42.3456   0.0000   0.3695 645 933  49  50  51  52  50  52  52
11121703  45.2554  25.8596   0.0000   0.0384   0.2682   8.3031  43.4304   4.5185   4.6019 645 933  49  50  51  52  50  52  52
11121706  21.4099  15.1244   0.0000   0.0048   0.0000   0.6415  22.8960   5.6815   1.0014 645 933  49  50  51  52  50  52  52
11121709  21.4258  18.6487   0.0000   0.4176   0.0000   0.0000   5.9328   0.7246   0.0000 645 933  49  50  51  52  50  52  52
11121712   4.7379  13.5828   6.3327   0.0288   1.7741   0.1015   2.9136   1.8969  14.3984 645 933  49  50  51  52  50  52  52
11121715   0.6373  16.4695   2.2074   0.0000   7.9012   1.0015   0.0816   1.7954  76.2971 645 933  49  50  51  52  50  52  52
11121718   0.9927  11.2900   0.0000   0.2592   1.1153   0.0000   2.0736   0.0000  72.2590 645 933  49  50  51  52  50  52  52
11121721   5.0006  35.4390   1.6071   0.0000   0.0000   3.2723   0.0960   0.0000   1.2586 645 933  49  50  51  52  50  52  52
11121800   8.2746  22.0527   0.0000   0.0000   5.8871   3.4662   0.4800   1.4677   0.0000 645 933  49  50  51  52  50  52  52
11121803   5.5591  20.1623   0.0419   0.0000   3.1388  17.2985  27.2592   5.7508   0.0000 645 933  49  50  51  52  50  52  52
11121806   7.4378  20.3910   0.0000   0.0000   8.9600  59.8615  37.6704   3.8769   4.7153 645 933  49  50  51  52  50  52  52
11121809   4.5927  20.3244   0.7596   0.0000   1.3459  49.9062  54.8496   2.2154   3.6084 645 933  49  50  51  52  50  52  52
11121812   6.4985  17.4313  33.7504   0.0000   1.2329   3.2215  34.9152  30.5308   0.0000 645 933  49  50  51  52  50  52  52
11121815   8.7503  13.7114  15.5158   0.0000   1.6329   2.6908  16.5552  21.2169   0.0000 645 933  49  50  51  52  50  52  52
11121818   6.3782   7.3549  14.2118   0.0192   1.8682   1.5323  14.4000  37.1077   0.0000 645 933  49  50  51  52  50  52  52
11121821  14.3952  14.5587   1.8197   1.3440   0.0094   0.0000   4.4112  33.2446   0.2533 645 933  49  50  51  52  50  52  52
11121900  10.0365   4.8476   0.0000  33.5328  14.7859   0.0000  13.4208   6.6415   0.4609 645 933  49  50  51  52  50  52  52
11121903  10.3159   3.6234   0.0000  26.0016  19.9200   0.7015  22.8624   8.5662   0.0000 645 933  49  50  51  52  50  52  52
11121906   8.3018   2.9335   0.1997  45.7776  24.5976   0.0000  42.7968   6.1338   8.2883 645 933  49  50  51  52  50  52  52
11121909  12.9626   0.4147   2.8292  18.7248   1.3506   0.0000  34.9200   0.0000  16.9091 645 933  49  50  51  52  50  52  52
11121912  13.8800   0.6377  16.9426   1.1712   2.4941   3.3738   7.5408   1.3569  18.3977 645 933  49  50  51  52  50  52  52
11121915  21.6200   3.0336   4.2481   0.4944   0.6353   0.0000   5.2272  33.8954   5.2730 645 933  49  50  51  52  50  52  52
11121918  13.0514   2.8995   0.0475   8.3280   0.0000   0.0000   5.8320  12.4477   8.3552 645 933  49  50  51  52  50  52  52
11121921  18.9038   7.7353   1.2098   1.4160   5.9576   0.0000  29.8320  36.5723   0.0000 645 933  49  50  51  52  50  52  52
11122000  15.2889   3.3860   1.0966  20.4192   5.8871   0.0000  29.7792  30.1708   0.7970 645 933  49  50  51  52  50  52  52
11122003  19.0987  15.1583   7.6118  21.9024   1.6659  23.9169  90.5040  39.5677   3.8455 645 933  49  50  51  52  50  52  52
11122006  15.7524  11.8603  13.3185   6.6432   0.2353  31.0615 110.1696  40.0015   9.4961 645 933  49  50  51  52  50  52  52
11122009  22.8713  28.8280  20.6869   5.7312   0.7435   7.2323  48.1152  30.9600   8.4912 645 933  49  50  51  52  50  52  52
11122012  17.9896  28.1767  12.0419   0.8784   4.8612   7.6246  30.3504   6.6738   8.3434 645 933  49  50  51  52  50  52  52
11122015  17.8992  29.4436   0.0000   0.2832  29.7271   6.6277   2.7744   2.6585  13.1315 645 933  49  50  51  52  50  52  52
11122018  29.6714  30.6811   0.0000   0.0000  31.6753   2.7323   0.0000   0.3277   3.1821 645 933  49  50  51  52  50  52  52
11122021  38.8328  37.1925   0.0000   9.2160  46.0329  14.6538   0.0000   0.0000   6.5955 645 933  49  50  51  52  50  52  52
11122100  28.0234  31.5928   0.0343  20.0640  18.9129   0.2077   1.9776  21.1338  20.5667 645 933  49  50  51  52  50  52  52
11122103  37.0136  25.4341   0.0000  27.4320  41.3035   3.8492   0.9504  24.0554  37.7216 645 933  49  50  51  52  50  52  52
11122106  71.1772  47.4225   0.4060  48.6144  35.4071  11.6492   0.0000  44.9031  52.5441 645 933  49  50  51  52  50  52  52
11122109  73.3924  28.3087   0.0000  33.9024  34.3529  22.8508   0.2496 160.9477   0.1895 645 933  49  50  51  52  50  52  52
11122112  68.8656  18.2516   2.0174  49.4880  46.9929  46.2231   0.0480  97.3200   0.0000 645 933  49  50  51  52  50  52  52
11122115  84.3570  14.6325   0.7721  26.5680   0.1224  26.2477   5.7552  87.8769   1.9010 645 933  49  50  51  52  50  52  52
11122118 100.1060  13.8076   0.7850  35.5008   0.0000   1.0615   0.0000  78.3692   4.7818 645 933  49  50  51  52  50  52  52
11122121  92.2193  11.4179  20.1438  23.3232   0.4847  14.1738   0.0000  11.9077  17.9159 645 933  49  50  51  52  50  52  52
11122200  47.0456  11.3867  12.4503  23.4144   2.4000  44.8939   0.5376  13.1400  13.9849 645 933  49  50  51  52  50  52  52
11122203  50.6443  13.9467   1.8001  36.4368  22.9035  60.5354   0.1200  17.6631  19.2579 645 933  49  50  51  52  50  52  52
11122206  33.7220  21.8199  14.7632   3.9312   4.0800 138.5677   0.0096  11.0908   2.5750 645 933  49  50  51  52  50  52  52
11122209   9.4227  23.2255   2.3914   0.0000  34.0706  26.5062   0.0000   1.1677   0.5724 645 933  49  50  51  52  50  52  52
11122212   2.2821  16.3038   0.4263   0.0000   5.6282   7.0662   0.0000   1.8831   0.8656 645 933  49  50  51  52  50  52  52
11122215   1.9915  14.7113   0.2961   0.3504   0.9082   8.2015   0.0000   6.0046   1.4538 645 933  49  50  51  52  50  52  52
11122218   5.2075  14.5783  10.4969   0.5712  12.7106  20.1185   0.0000   1.9800   5.0303 645 933  49  50  51  52  50  52  52
11122221   2.1108  14.5803   2.0650   0.0000  11.2659   8.2523   0.0000   0.7938   4.9924 645 933  49  50  51  52  50  52  52
11122300   3.8938  12.6595   4.9910   0.1104   3.0165   0.0000   0.4032   4.2462   3.4417 645 933  49  50  51  52  50  52  52
11122303   7.2188  12.8545  49.8765   0.0096   0.9129   0.0000   0.0000   4.4262   3.5432 645 933  49  50  51  52  50  52  52
11122306   2.0863  12.3123  27.6940   0.0000   0.2259   7.0246   0.0000   0.0000   1.2769 645 933  49  50  51  52  50  52  52
11122309   3.6882  10.4520  10.5090   0.0000  14.6118   0.0000   0.3120  15.5308   0.6483 645 933  49  50  51  52  50  52  52
11122312   5.1648   9.3111   1.3833   0.0816  14.7576   0.3692   0.3648  12.9231   0.0000 645 933  49  50  51  52  50  52  52
11122315   5.8161   9.7659   0.2943   0.7008  15.6376   4.8138   0.0000   5.2246   6.6401 645 933  49  50  51  52  50  52  52
11122318  10.2973  13.1082   0.0000   0.0000  57.1435  11.4508   0.0000   0.0000  12.3465 645 933  49  50  51  52  50  52  52
11122321   4.3665  18.5814   0.1055   0.0000  41.0259  15.2123   0.0000   0.7338  10.5386 645 933  49  50  51  52  50  52  52
11122400   1.6919  16.3079   0.0000   0.0000  37.4776   4.5877   6.1632   0.3277   7.8308 645 933  49  50  51  52  50  52  52
11122403   2.2437  15.1874   0.0000   0.0000  21.5859  14.3954   0.9072   0.0000   0.0000 645 933  49  50  51  52  50  52  52
11122406   3.2324  18.4550   0.0000   0.0000  22.6071   5.1323   0.9840   0.0000   0.0000 645 933  49  50  51  52  50  52  52
11122409   0.3230  18.9906   0.0000   0.0000   0.0000   0.0000   0.0000   0.0000   5.6030 645 933  49  50  51  52  50  52  52
11122412   0.0335  11.0578   0.0000   0.0000   7.5341   0.5862  10.8000   0.0000   0.0000 645 933  49  50  51  52  50  52  52
11122415   0.0000  12.2542   0.0000   0.0000  10.1224   1.4908   2.3232   0.0000   0.5890 645 933  49  50  51  52  50  52  52
11122418   1.0750  17.8336   0.0000   0.0000  33.7365  12.3323   0.0000   0.0000   1.3187 645 933  49  50  51  52  50  52  52
11122421   0.0305  22.2318   0.0000   0.0000   1.0212   0.0000   0.7392   3.2862   0.0000 645 933  49  50  51  52  50  52  52
11122500   0.6768  17.7587   0.1652   0.0768   2.9129   5.5062   2.7648   5.8892   0.1231 645 933  49  50  51  52  50  52  52
11122503   0.0093  12.4995   0.0000   0.0864  18.0047   0.0000   4.5120   0.0000   0.0000 645 933  49  50  51  52  50  52  52
11122506   0.2817  11.9907   0.0000   0.0000   4.0141   0.0785   1.7424   0.0000   0.0000 645 933  49  50  51  52  50  52  52
11122509   0.0603  14.4350   0.0000   0.0000   0.0000   0.0000  33.3936   0.0000   1.0624 645 933  49  50  51  52  50  52  52
11122512   0.1310   9.3819   0.0000   0.0000   1.6612   0.9923  14.9952   0.0969   0.0000 645 933  49  50  51  52  50  52  52
11122515   0.0034   9.4776   0.0441   0.0000   0.0000   3.7062   5.1072   0.0000   0.0000 645 933  49  50  51  52  50  52  52
11122518   0.0000   5.4698   0.0000   0.0000   0.0000   3.4200  16.4256   0.0000   0.0000 645 933  49  50  51  52  50  52  52
11122521   0.0000   5.9079   0.0000   0.0000   0.0000   0.1985  33.8976   0.0000   0.0000 645 933  49  50  51  52  50  52  52
11122600   0.0186   6.8625   0.0000   0.9456   0.0000   0.0000  56.6928   0.0000   0.0000 645 933  49  50  51  52  50  52  52
11122603   0.0450   3.7142   0.0000   0.6288   0.0000   0.0000  36.0864   0.0000  14.2087 645 933  49  50  51  52  50  52  52
11122606   0.0413   2.8157   0.0000   0.0000   0.0094   1.3062  15.0240   0.0000  19.7696 645 933  49  50  51  52  50  52  52
11122609   0.0000   0.0746   0.0000   0.0000   0.0000   1.1538   0.0000   0.0000  39.4506 645 933  49  50  51  52  50  52  52
11122612   0.0941   1.3461   0.0000   0.6096   0.0000   0.0000   4.6608   0.3738  33.5124 645 933  49  50  51  52  50  52  52
11122615   0.1127   0.4761   0.0000   0.0000   0.3624   0.0000   2.2656   0.0000   6.7097 645 933  49  50  51  52  50  52  52
11122618   0.0000   0.1294   0.0000   0.0000   0.0000   0.0000   0.0000   0.1385   3.4273 645 933  49  50  51  52  50  52  52
11122621   0.0000   0.2881   0.0000   0.0000   0.0000   0.0000   2.2464   0.0000   1.9395 645 933  49  50  51  52  50  52  52
11122700   0.0502   0.4383   0.0000   0.3120   0.0000   0.0000   6.4560   0.1200   0.0000 645 933  49  50  51  52  50  52  52
11122703   0.0160   0.4916   0.0000   0.1008   0.0000   0.0000   7.6416   0.1015   0.0000 645 933  49  50  51  52  50  52  52
11122706   0.1544   0.0049   0.0000   0.0000   0.0000   0.0000   0.0000   0.3046   5.5662 645 933  49  50  51  52  50  52  52
11122709   0.0000   0.0352   0.0000   0.0000   0.0000   0.0000   0.0000   1.1538   1.3328 645 933  49  50  51  52  50  52  52
11122712   0.0022   3.7741   0.0000   0.0144   0.0000   0.0000   5.5392   4.1123   9.1076 645 933  49  50  51  52  50  52  52
11122715   0.0000   5.3672   0.0000   0.0000   0.0000   0.0000   0.7536   0.0000   1.4158 645 933  49  50  51  52  50  52  52
11122718   0.0000   8.3388   0.1664   0.0000   0.0000   0.0000   0.9936   0.3000   3.8065 645 933  49  50  51  52  50  52  52
11122721   0.0000   4.2637   0.0000   0.0000   0.0000   0.0000   0.0000   1.8877   4.6162 645 933  49  50  51  52  50  52  52
11122800   0.0011   4.1132   0.0000   0.0096   0.0000   0.0000   0.0000  24.8954   2.4867 645 933  49  50  51  52  50  52  52
11122803   0.0000   4.1644   0.0000   0.0000   0.0000   0.0000   1.3200  20.4877   0.0000 645 933  49  50  51  52  50  52  52
11122806   0.0000   5.1766   0.0000   0.0000   0.0000   0.0000   0.3120  14.7969   0.9738 645 933  49  50  51  52  50  52  52
11122809   0.0000   1.5920   0.0000   0.0000   0.0000   0.0000   9.8400  18.8908   0.4981 645 933  49  50  51  52  50  52  52
11122812   0.0000   5.6764   0.0000   0.0000   0.0000   0.0000   3.1104   5.4138   1.8916 645 933  49  50  51  52  50  52  52
11122815   0.0000  12.4815   0.0000   0.0000   0.0000   0.0000   2.7648   0.0000   0.0000 645 933  49  50  51  52  50  52  52
11122818   0.0000  21.5892   0.0000   0.0000   0.0000   0.0000   7.2576   1.3292   0.0000 645 933  49  50  51  52  50  52  52
11122821   0.0000  26.5983   0.0000   0.0000   0.0000   0.0000  44.2176   0.0000   2.2209 645 933  49  50  51  52  50  52  52
11122900   0.0089  25.6944   0.0000   0.0000   0.0000   0.0000   2.2272   3.3831   0.0000 645 933  49  50  51  52  50  52  52
11122903   0.0000  22.3061   0.0000   0.0000   0.0000   0.0000   0.0000   2.0815   1.6414 645 933  49  50  51  52  50  52  52
11122906   0.0000  18.6279   0.0000   0.0000   0.0000   0.0000   0.0000   0.0000   4.9364 645 933  49  50  51  52  50  52  52
11122909   0.0000   1.8660   0.0000   0.0000   0.0000   0.0508   4.9008   9.9092   0.0000 645 933  49  50  51  52  50  52  52
11122912   0.4986   3.4243   0.0000   0.0000   0.0000   0.0000   6.9216   3.5446   0.0000 645 933  49  50  51  52  50  52  52
11122915   0.0744   2.0152   0.0000   0.0000   0.0000   0.0000   3.1488   5.0123   0.0000 645 933  49  50  51  52  50  52  52
11122918   0.0484   1.9215   0.0000   0.0000   0.0000   0.0415   8.5488   2.9308   0.2468 645 933  49  50  51  52  50  52  52
11122921   0.0000  10.5999   0.0000   0.0000   0.0000   0.0000  27.4560   0.0000   0.6224 645 933  49  50  51  52  50  52  52
11123000   0.0000  14.9770   0.0000   0.0000   0.0329   0.0000  23.8080   3.5077   0.0000 645 933  49  50  51  52  50  52  52
11123003   0.0000  17.0063   0.0000   0.0000   0.0000   0.0000   9.8592   0.6692   0.0882 645 933  49  50  51  52  50  52  52
11123006   0.0000   7.4796   0.0000   0.0000   0.0000   0.0000   2.6112   0.3185   0.0277 645 933  49  50  51  52  50  52  52
11123009   0.0000   8.1448   0.0000   0.0000   0.0000   0.0000   5.0880   1.9246   0.3095 645 933  49  50  51  52  50  52  52
11123012   0.0882   5.4076   0.0000   0.0000   1.5341   0.0000   5.5728   0.4108   0.0000 645 933  49  50  51  52  50  52  52
11123015   0.1451   4.1199   0.0000   0.0000   1.7224   0.5954   3.7200   0.0000   0.0000 645 933  49  50  51  52  50  52  52
11123018   0.0000   0.9016   0.0000   0.0000   0.3906   0.0000   3.3024   0.0000   6.1424 645 933  49  50  51  52  50  52  52
11123021   1.2964   5.0824   0.0000   0.0000  10.3200   0.3831   0.0000   1.0431   1.1813 645 933  49  50  51  52  50  52  52
11123100   1.2822   3.6108   0.0000   0.0000   4.5835   0.0000   1.7088   0.0000   0.4886 645 933  49  50  51  52  50  52  52
11123103   1.1155   2.6984   0.0000   0.0000   1.8588   0.2908   4.5024   0.0000   0.0000 645 933  49  50  51  52  50  52  52
11123106   0.0748   1.7824   0.0000   0.0000   3.3035   0.0000   3.6096   0.0000   2.8721 645 933  49  50  51  52  50  52  52
11123109   1.9747   4.2423   0.0000   0.0000  13.7459   0.2354   9.3504   0.1708  10.1185 645 933  49  50  51  52  50  52  52
11123112   1.1647   2.7774   0.0000   0.0000   4.5506   1.9385   5.0880   1.2877   5.0237 645 933  49  50  51  52  50  52  52
11123115   0.7472   2.7712   0.0000   0.0000   2.8188   6.6508  14.7648   2.2754   0.0000 645 933  49  50  51  52  50  52  52
11123118   0.0000   1.0433   0.0000   0.0000   0.0000   0.0000  16.8960  15.8262   4.3432 645 933  49  50  51  52  50  52  52
11123121   1.1940   5.6803   0.0000   0.0048   0.3247   9.9277  17.4720   0.0000   9.7331 645 933  49  50  51  52  50  52  52
 area means:    8.357862       8.723817       5.986214       5.378544       7.483961       9.216001       9.055111       6.618868       7.295434    
