      48
      0.00000      0.00000      0.00000
      1800.00      0.00000      0.00000
      3600.00      0.00000      0.00000
      5400.00      0.00000      0.00000
      7200.00      0.00000      0.00000
      9000.00      0.00000      0.00000
      10800.0      0.00000      0.00000
      12600.0      0.00000      0.00000
      14400.0      0.00000      0.00000
      16200.0      4.20000      0.40000
      18000.0      8.40000      0.80000
      19800.0      12.3000      1.20000
      21600.0      16.2000      1.60000
      23400.0      28.9000      2.90000
      25200.0      41.6000      4.20000
      27000.0      79.1000      7.90000
      28800.0      116.700      11.7000
      30600.0      159.000      15.9000
      32400.0      201.200      20.1000
      34200.0      247.600      24.8000
      36000.0      294.000      29.4000
      37800.0      315.900      31.6000
      39600.0      337.700      33.8000
      41400.0      331.200      33.1000
      43200.0      324.600      32.5000
      45000.0      320.600      32.1000
      46800.0      316.600      31.7000
      48600.0      290.700      29.1000
      50400.0      264.800      26.5000
      52200.0      222.400      19.9000
      54000.0      180.000      13.4000
      55800.0      141.500      11.8000
      57600.0      103.000      10.3000
      59400.0      86.5000      8.70000
      61200.0      70.0000      7.00000
      63000.0      50.9000      5.10000
      64800.0      31.9000      3.20000
      66600.0      25.4000      2.50000
      68400.0      19.0000      1.90000
      70200.0      8.00000     0.800000
      72000.0      0.00000      0.00000
      73800.0      0.00000      0.00000
      75600.0      0.00000      0.00000
      77400.0      0.00000      0.00000
      79200.0      0.00000      0.00000
      81000.0      0.00000      0.00000
      82800.0      0.00000      0.00000
      84600.0      0.00000      0.00000
      86400.0      0.00000      0.00000
