TEND       0       0       1       1       1
NUDG       0       0       0       0       0
       7
          36
    0 2006  7 10 21600
    0.   988.   0.0   0.0  0.000 -0.00011  0.00000008 -0.00011  0.00000008
  200.   965.   0.0   0.0  0.000 -0.00011  0.00000008 -0.00010  0.00000008
  300.   955.   0.0   0.0  0.000 -0.00010  0.00000007 -0.00010  0.00000007
  500.   933.   0.0   0.0  0.000 -0.00010  0.00000007 -0.00010  0.00000007
 1000.   881.   0.0   0.0  0.000 -0.00009  0.00000006 -0.00009  0.00000006
 1300.   852.   0.0   0.0  0.000 -0.00007  0.00000004 -0.00006  0.00000004
 1800.   804.   0.0   0.0  0.000 -0.00005  0.00000003 -0.00004  0.00000003
 2500.   740.   0.0   0.0  0.000 -0.00003  0.00000001 -0.00002  0.00000001
 3000.   698.   0.0   0.0  0.000 -0.00001  0.00000000 -0.00001  0.00000000
 3700.   641.   0.0   0.0  0.000 -0.00001  0.00000000 -0.00001  0.00000000
 4200.   603.   0.0   0.0  0.000 -0.00001  0.00000000 -0.00001  0.00000000
 5000.   545.   0.0   0.0  0.000 -0.00001  0.00000000 -0.00001  0.00000000
 6000.   479.   0.0   0.0  0.000 -0.00001  0.00000000 -0.00001  0.00000000
 7500.   393.   0.0   0.0  0.000  0.00000  0.00000000  0.00000  0.00000000
 8000.   369.   0.0   0.0  0.000  0.00000  0.00000000  0.00000  0.00000000
 9000.   321.   0.0   0.0  0.000  0.00000  0.00000000  0.00000  0.00000000
 9500.   300.   0.0   0.0  0.000  0.00000  0.00000000  0.00000  0.00000000
10000.   279.   0.0   0.0  0.000  0.00000  0.00000000  0.00000  0.00000000
11000.   241.   0.0   0.0  0.000  0.00000  0.00000000  0.00000  0.00000000
12000.   207.   0.0   0.0  0.000  0.00000  0.00000000  0.00000  0.00000000
15000.   123.   0.0   0.0  0.000  0.00000  0.00000000  0.00000  0.00000000
15500.   117.   0.0   0.0  0.000  0.00000  0.00000000  0.00000  0.00000000
16000.   107.   0.0   0.0  0.000  0.00000  0.00000000  0.00000  0.00000000
17000.    90.   0.0   0.0  0.000  0.00000  0.00000000  0.00000  0.00000000
18000.    76.   0.0   0.0  0.000  0.00000  0.00000000  0.00000  0.00000000
20000.    54.   0.0   0.0  0.000  0.00000  0.00000000  0.00000  0.00000000
21000.    48.   0.0   0.0  0.000  0.00000  0.00000000  0.00000  0.00000000
22000.    41.   0.0   0.0  0.000  0.00000  0.00000000  0.00000  0.00000000
23000.    35.   0.0   0.0  0.000  0.00000  0.00000000  0.00000  0.00000000
24000.    30.   0.0   0.0  0.000  0.00000  0.00000000  0.00000  0.00000000
25000.    26.   0.0   0.0  0.000  0.00000  0.00000000  0.00000  0.00000000
30000.    12.   0.0   0.0  0.000  0.00000  0.00000000  0.00000  0.00000000
35000.     6.   0.0   0.0  0.000  0.00000  0.00000000  0.00000  0.00000000
40000.     3.   0.0   0.0  0.000  0.00000  0.00000000  0.00000  0.00000000
45000.     2.   0.0   0.0  0.000  0.00000  0.00000000  0.00000  0.00000000
50000.     1.   0.0   0.0  0.000  0.00000  0.00000000  0.00000  0.00000000
10800 2006  7 10 32400
    0.   988.   0.0   0.0  0.000 -0.00003  0.00000004 -0.00003  0.00000004
  200.   965.   0.0   0.0  0.000 -0.00003  0.00000004 -0.00003  0.00000004
  300.   955.   0.0   0.0  0.000 -0.00003  0.00000004 -0.00003  0.00000004
  500.   933.   0.0   0.0  0.000 -0.00003  0.00000003 -0.00003  0.00000003
 1000.   881.   0.0   0.0  0.000 -0.00003  0.00000003 -0.00002  0.00000003
 1300.   852.   0.0   0.0  0.000 -0.00002  0.00000002 -0.00002  0.00000002
 1800.   804.   0.0   0.0  0.000 -0.00001  0.00000001 -0.00001  0.00000001
 2500.   740.   0.0   0.0  0.000 -0.00001  0.00000000 -0.00001  0.00000000
 3000.   698.   0.0   0.0  0.000 -0.00000  0.00000000 -0.00000  0.00000000
 3700.   641.   0.0   0.0  0.000 -0.00000  0.00000000 -0.00000  0.00000000
 4200.   603.   0.0   0.0  0.000 -0.00000  0.00000000 -0.00000  0.00000000
 5000.   545.   0.0   0.0  0.000 -0.00000  0.00000000 -0.00000  0.00000000
 6000.   479.   0.0   0.0  0.000 -0.00000  0.00000000 -0.00000  0.00000000
 7500.   393.   0.0   0.0  0.000  0.00000  0.00000000  0.00000  0.00000000
 8000.   369.   0.0   0.0  0.000  0.00000  0.00000000  0.00000  0.00000000
 9000.   321.   0.0   0.0  0.000  0.00000  0.00000000  0.00000  0.00000000
 9500.   300.   0.0   0.0  0.000  0.00000  0.00000000  0.00000  0.00000000
10000.   279.   0.0   0.0  0.000  0.00000  0.00000000  0.00000  0.00000000
11000.   241.   0.0   0.0  0.000  0.00000  0.00000000  0.00000  0.00000000
12000.   207.   0.0   0.0  0.000  0.00000  0.00000000  0.00000  0.00000000
15000.   123.   0.0   0.0  0.000  0.00000  0.00000000  0.00000  0.00000000
15500.   117.   0.0   0.0  0.000  0.00000  0.00000000  0.00000  0.00000000
16000.   107.   0.0   0.0  0.000  0.00000  0.00000000  0.00000  0.00000000
17000.    90.   0.0   0.0  0.000  0.00000  0.00000000  0.00000  0.00000000
18000.    76.   0.0   0.0  0.000  0.00000  0.00000000  0.00000  0.00000000
20000.    54.   0.0   0.0  0.000  0.00000  0.00000000  0.00000  0.00000000
21000.    48.   0.0   0.0  0.000  0.00000  0.00000000  0.00000  0.00000000
22000.    41.   0.0   0.0  0.000  0.00000  0.00000000  0.00000  0.00000000
23000.    35.   0.0   0.0  0.000  0.00000  0.00000000  0.00000  0.00000000
24000.    30.   0.0   0.0  0.000  0.00000  0.00000000  0.00000  0.00000000
25000.    26.   0.0   0.0  0.000  0.00000  0.00000000  0.00000  0.00000000
30000.    12.   0.0   0.0  0.000  0.00000  0.00000000  0.00000  0.00000000
35000.     6.   0.0   0.0  0.000  0.00000  0.00000000  0.00000  0.00000000
40000.     3.   0.0   0.0  0.000  0.00000  0.00000000  0.00000  0.00000000
45000.     2.   0.0   0.0  0.000  0.00000  0.00000000  0.00000  0.00000000
50000.     1.   0.0   0.0  0.000  0.00000  0.00000000  0.00000  0.00000000
21600 2006  7 10 43200
    0.   988.   0.0   0.0  0.000  0.00007  0.00000000  0.00007  0.00000000
  200.   965.   0.0   0.0  0.003  0.00006  0.00000000  0.00006  0.00000000
  300.   955.   0.0   0.0  0.004  0.00006  0.00000000  0.00006  0.00000000
  500.   933.   0.0   0.0  0.008  0.00005  0.00000000  0.00005  0.00000000
 1000.   881.   0.0   0.0  0.015  0.00004  0.00000000  0.00004  0.00000000
 1300.   852.   0.0   0.0  0.015  0.00003  0.00000000  0.00003  0.00000000
 1800.   804.   0.0   0.0  0.015  0.00002  0.00000000  0.00002  0.00000000
 2500.   740.   0.0   0.0  0.015  0.00002  0.00000000  0.00002  0.00000000
 3000.   698.   0.0   0.0  0.015  0.00002  0.00000000  0.00002  0.00000000
 3700.   641.   0.0   0.0  0.010  0.00001  0.00000000  0.00001  0.00000000
 4200.   603.   0.0   0.0  0.006  0.00001  0.00000000  0.00001  0.00000000
 5000.   545.   0.0   0.0  0.000  0.00000  0.00000000  0.00000  0.00000000
 6000.   479.   0.0   0.0  0.000  0.00000  0.00000000  0.00000  0.00000000
 7500.   393.   0.0   0.0  0.000 -0.00000  0.00000000 -0.00000  0.00000000
 8000.   369.   0.0   0.0  0.000  0.00000  0.00000000  0.00000  0.00000000
 9000.   321.   0.0   0.0  0.000  0.00000  0.00000000  0.00000  0.00000000
 9500.   300.   0.0   0.0  0.000  0.00000  0.00000000  0.00000  0.00000000
10000.   279.   0.0   0.0  0.000  0.00000  0.00000000  0.00000  0.00000000
11000.   241.   0.0   0.0  0.000  0.00000  0.00000000  0.00000  0.00000000
12000.   207.   0.0   0.0  0.000  0.00000  0.00000000  0.00000  0.00000000
15000.   123.   0.0   0.0  0.000  0.00000  0.00000000  0.00000  0.00000000
15500.   117.   0.0   0.0  0.000  0.00000  0.00000000  0.00000  0.00000000
16000.   107.   0.0   0.0  0.000  0.00000  0.00000000  0.00000  0.00000000
17000.    90.   0.0   0.0  0.000  0.00000  0.00000000  0.00000  0.00000000
18000.    76.   0.0   0.0  0.000  0.00000  0.00000000  0.00000  0.00000000
20000.    54.   0.0   0.0  0.000  0.00000  0.00000000  0.00000  0.00000000
21000.    48.   0.0   0.0  0.000  0.00000  0.00000000  0.00000  0.00000000
22000.    41.   0.0   0.0  0.000  0.00000  0.00000000  0.00000  0.00000000
23000.    35.   0.0   0.0  0.000  0.00000  0.00000000  0.00000  0.00000000
24000.    30.   0.0   0.0  0.000  0.00000  0.00000000  0.00000  0.00000000
25000.    26.   0.0   0.0  0.000  0.00000  0.00000000  0.00000  0.00000000
30000.    12.   0.0   0.0  0.000  0.00000  0.00000000  0.00000  0.00000000
35000.     6.   0.0   0.0  0.000  0.00000  0.00000000  0.00000  0.00000000
40000.     3.   0.0   0.0  0.000  0.00000  0.00000000  0.00000  0.00000000
45000.     2.   0.0   0.0  0.000  0.00000  0.00000000  0.00000  0.00000000
50000.     1.   0.0   0.0  0.000  0.00000  0.00000000  0.00000  0.00000000
32400 2006  7 10 54000
    0.   988.   0.0   0.0  0.000  0.00006  0.00000000  0.00006  0.00000000
  200.   965.   0.0   0.0  0.003  0.00005  0.00000000  0.00005  0.00000000
  300.   955.   0.0   0.0  0.004  0.00005  0.00000000  0.00005  0.00000000
  500.   933.   0.0   0.0  0.008  0.00004  0.00000000  0.00004  0.00000000
 1000.   881.   0.0   0.0  0.015  0.00003  0.00000000  0.00003  0.00000000
 1300.   852.   0.0   0.0  0.015  0.00003  0.00000000  0.00003  0.00000000
 1800.   804.   0.0   0.0  0.015  0.00003  0.00000000  0.00003  0.00000000
 2500.   740.   0.0   0.0  0.015  0.00001  0.00000000  0.00001  0.00000000
 3000.   698.   0.0   0.0  0.015  0.00000  0.00000000 -0.00000  0.00000000
 3700.   641.   0.0   0.0  0.010 -0.00000  0.00000000 -0.00000  0.00000000
 4200.   603.   0.0   0.0  0.006 -0.00000  0.00000000 -0.00000  0.00000000
 5000.   545.   0.0   0.0  0.000 -0.00000  0.00000000 -0.00000  0.00000000
 6000.   479.   0.0   0.0  0.000 -0.00000  0.00000000 -0.00000  0.00000000
 7500.   393.   0.0   0.0  0.000  0.00000  0.00000000  0.00000  0.00000000
 8000.   369.   0.0   0.0  0.000  0.00000  0.00000000  0.00000  0.00000000
 9000.   321.   0.0   0.0  0.000  0.00000  0.00000000  0.00000  0.00000000
 9500.   300.   0.0   0.0  0.000  0.00000  0.00000000  0.00000  0.00000000
10000.   279.   0.0   0.0  0.000  0.00000  0.00000000  0.00000  0.00000000
11000.   241.   0.0   0.0  0.000  0.00000  0.00000000  0.00000  0.00000000
12000.   207.   0.0   0.0  0.000  0.00000  0.00000000  0.00000  0.00000000
15000.   123.   0.0   0.0  0.000  0.00000  0.00000000  0.00000  0.00000000
15500.   117.   0.0   0.0  0.000  0.00000  0.00000000  0.00000  0.00000000
16000.   107.   0.0   0.0  0.000  0.00000  0.00000000  0.00000  0.00000000
17000.    90.   0.0   0.0  0.000  0.00000  0.00000000  0.00000  0.00000000
18000.    76.   0.0   0.0  0.000  0.00000  0.00000000  0.00000  0.00000000
20000.    54.   0.0   0.0  0.000  0.00000  0.00000000  0.00000  0.00000000
21000.    48.   0.0   0.0  0.000  0.00000  0.00000000  0.00000  0.00000000
22000.    41.   0.0   0.0  0.000  0.00000  0.00000000  0.00000  0.00000000
23000.    35.   0.0   0.0  0.000  0.00000  0.00000000  0.00000  0.00000000
24000.    30.   0.0   0.0  0.000  0.00000  0.00000000  0.00000  0.00000000
25000.    26.   0.0   0.0  0.000  0.00000  0.00000000  0.00000  0.00000000
30000.    12.   0.0   0.0  0.000  0.00000  0.00000000  0.00000  0.00000000
35000.     6.   0.0   0.0  0.000  0.00000  0.00000000  0.00000  0.00000000
40000.     3.   0.0   0.0  0.000  0.00000  0.00000000  0.00000  0.00000000
45000.     2.   0.0   0.0  0.000  0.00000  0.00000000  0.00000  0.00000000
50000.     1.   0.0   0.0  0.000  0.00000  0.00000000  0.00000  0.00000000
43200 2006  7 10 64800
    0.   988.   0.0   0.0  0.000 -0.00001  0.00000000 -0.00001  0.00000000
  200.   965.   0.0   0.0  0.003 -0.00001  0.00000000 -0.00001  0.00000000
  300.   955.   0.0   0.0  0.004 -0.00001  0.00000000 -0.00001  0.00000000
  500.   933.   0.0   0.0  0.008 -0.00001  0.00000000 -0.00001  0.00000000
 1000.   881.   0.0   0.0  0.015 -0.00001  0.00000000 -0.00001  0.00000000
 1300.   852.   0.0   0.0  0.015 -0.00001  0.00000000 -0.00001  0.00000000
 1800.   804.   0.0   0.0  0.015 -0.00001  0.00000000 -0.00001  0.00000000
 2500.   740.   0.0   0.0  0.015 -0.00001  0.00000000 -0.00001  0.00000000
 3000.   698.   0.0   0.0  0.015 -0.00002  0.00000000 -0.00002  0.00000000
 3700.   641.   0.0   0.0  0.010 -0.00002  0.00000000 -0.00002  0.00000000
 4200.   603.   0.0   0.0  0.006 -0.00002  0.00000000 -0.00002  0.00000000
 5000.   545.   0.0   0.0  0.000 -0.00002  0.00000000 -0.00002  0.00000000
 6000.   479.   0.0   0.0  0.000 -0.00001  0.00000000 -0.00001  0.00000000
 7500.   393.   0.0   0.0  0.000  0.00000  0.00000000  0.00000  0.00000000
 8000.   369.   0.0   0.0  0.000  0.00000  0.00000000  0.00000  0.00000000
 9000.   321.   0.0   0.0  0.000  0.00000  0.00000000  0.00000  0.00000000
 9500.   300.   0.0   0.0  0.000  0.00000  0.00000000  0.00000  0.00000000
10000.   279.   0.0   0.0  0.000  0.00000  0.00000000  0.00000  0.00000000
11000.   241.   0.0   0.0  0.000  0.00000  0.00000000  0.00000  0.00000000
12000.   207.   0.0   0.0  0.000  0.00000  0.00000000  0.00000  0.00000000
15000.   123.   0.0   0.0  0.000  0.00000  0.00000000  0.00000  0.00000000
15500.   117.   0.0   0.0  0.000  0.00000  0.00000000  0.00000  0.00000000
16000.   107.   0.0   0.0  0.000  0.00000  0.00000000  0.00000  0.00000000
17000.    90.   0.0   0.0  0.000  0.00000  0.00000000  0.00000  0.00000000
18000.    76.   0.0   0.0  0.000  0.00000  0.00000000  0.00000  0.00000000
20000.    54.   0.0   0.0  0.000  0.00000  0.00000000  0.00000  0.00000000
21000.    48.   0.0   0.0  0.000  0.00000  0.00000000  0.00000  0.00000000
22000.    41.   0.0   0.0  0.000  0.00000  0.00000000  0.00000  0.00000000
23000.    35.   0.0   0.0  0.000  0.00000  0.00000000  0.00000  0.00000000
24000.    30.   0.0   0.0  0.000  0.00000  0.00000000  0.00000  0.00000000
25000.    26.   0.0   0.0  0.000  0.00000  0.00000000  0.00000  0.00000000
30000.    12.   0.0   0.0  0.000  0.00000  0.00000000  0.00000  0.00000000
35000.     6.   0.0   0.0  0.000  0.00000  0.00000000  0.00000  0.00000000
40000.     3.   0.0   0.0  0.000  0.00000  0.00000000  0.00000  0.00000000
45000.     2.   0.0   0.0  0.000  0.00000  0.00000000  0.00000  0.00000000
50000.     1.   0.0   0.0  0.000  0.00000  0.00000000  0.00000  0.00000000
54000 2006  7 10 75600
    0.   988.   0.0   0.0  0.000 -0.00006  0.00000000 -0.00006  0.00000000
  200.   965.   0.0   0.0  0.000 -0.000054  0.00000000 -0.000054  0.00000000
  300.   955.   0.0   0.0  0.000 -0.00005  0.00000000 -0.00005  0.00000000
  500.   933.   0.0   0.0  0.000 -0.000044  0.00000000 -0.000044  0.00000000
 1000.   881.   0.0   0.0  0.000 -0.000028  0.00000000 -0.000028  0.00000000
 1300.   852.   0.0   0.0  0.000 -0.000024  0.00000000 -0.000024  0.00000000
 1800.   804.   0.0   0.0  0.000 -0.000023  0.00000000 -0.000023  0.00000000
 2500.   740.   0.0   0.0  0.000 -0.000032  0.00000000 -0.000032  0.00000000
 3000.   698.   0.0   0.0  0.000 -0.00004  0.00000000 -0.00004  0.00000000
 3700.   641.   0.0   0.0  0.000 -0.000038  0.00000000 -0.000038  0.00000000
 4200.   603.   0.0   0.0  0.000 -0.000037  0.00000000 -0.000037  0.00000000
 5000.   545.   0.0   0.0  0.000 -0.000035  0.00000000 -0.000035  0.00000000
 6000.   479.   0.0   0.0  0.000 -0.00002  0.00000000 -0.00002  0.00000000
 7500.   393.   0.0   0.0  0.000  0.00000  0.00000000  0.00000  0.00000000
 8000.   369.   0.0   0.0  0.000  0.00000  0.00000000  0.00000  0.00000000
 9000.   321.   0.0   0.0  0.000  0.00000  0.00000000  0.00000  0.00000000
 9500.   300.   0.0   0.0  0.000  0.00000  0.00000000  0.00000  0.00000000
10000.   279.   0.0   0.0  0.000  0.00000  0.00000000  0.00000  0.00000000
11000.   241.   0.0   0.0  0.000  0.00000  0.00000000  0.00000  0.00000000
12000.   207.   0.0   0.0  0.000  0.00000  0.00000000  0.00000  0.00000000
15000.   123.   0.0   0.0  0.000  0.00000  0.00000000  0.00000  0.00000000
15500.   117.   0.0   0.0  0.000  0.00000  0.00000000  0.00000  0.00000000
16000.   107.   0.0   0.0  0.000  0.00000  0.00000000  0.00000  0.00000000
17000.    90.   0.0   0.0  0.000  0.00000  0.00000000  0.00000  0.00000000
18000.    76.   0.0   0.0  0.000  0.00000  0.00000000  0.00000  0.00000000
20000.    54.   0.0   0.0  0.000  0.00000  0.00000000  0.00000  0.00000000
21000.    48.   0.0   0.0  0.000  0.00000  0.00000000  0.00000  0.00000000
22000.    41.   0.0   0.0  0.000  0.00000  0.00000000  0.00000  0.00000000
23000.    35.   0.0   0.0  0.000  0.00000  0.00000000  0.00000  0.00000000
24000.    30.   0.0   0.0  0.000  0.00000  0.00000000  0.00000  0.00000000
25000.    26.   0.0   0.0  0.000  0.00000  0.00000000  0.00000  0.00000000
30000.    12.   0.0   0.0  0.000  0.00000  0.00000000  0.00000  0.00000000
35000.     6.   0.0   0.0  0.000  0.00000  0.00000000  0.00000  0.00000000
40000.     3.   0.0   0.0  0.000  0.00000  0.00000000  0.00000  0.00000000
45000.     2.   0.0   0.0  0.000  0.00000  0.00000000  0.00000  0.00000000
50000.     1.   0.0   0.0  0.000  0.00000  0.00000000  0.00000  0.00000000
64800 2006  7 10 86400
    0.   988.   0.0   0.0  0.000 -0.00006  0.00000000 -0.00006  0.00000000
  200.   965.   0.0   0.0  0.000 -0.000054  0.00000000 -0.000054  0.00000000
  300.   955.   0.0   0.0  0.000 -0.00005  0.00000000 -0.00005  0.00000000
  500.   933.   0.0   0.0  0.000 -0.000044  0.00000000 -0.000044  0.00000000
 1000.   881.   0.0   0.0  0.000 -0.000028  0.00000000 -0.000028  0.00000000
 1300.   852.   0.0   0.0  0.000 -0.000024  0.00000000 -0.000024  0.00000000
 1800.   804.   0.0   0.0  0.000 -0.000023  0.00000000 -0.000023  0.00000000
 2500.   740.   0.0   0.0  0.000 -0.000032  0.00000000 -0.000032  0.00000000
 3000.   698.   0.0   0.0  0.000 -0.00004  0.00000000 -0.00004  0.00000000
 3700.   641.   0.0   0.0  0.000 -0.000038  0.00000000 -0.000038  0.00000000
 4200.   603.   0.0   0.0  0.000 -0.000037  0.00000000 -0.000037  0.00000000
 5000.   545.   0.0   0.0  0.000 -0.000035  0.00000000 -0.000035  0.00000000
 6000.   479.   0.0   0.0  0.000 -0.00002  0.00000000 -0.00002  0.00000000
 7500.   393.   0.0   0.0  0.000  0.00000  0.00000000  0.00000  0.00000000
 8000.   369.   0.0   0.0  0.000  0.00000  0.00000000  0.00000  0.00000000
 9000.   321.   0.0   0.0  0.000  0.00000  0.00000000  0.00000  0.00000000
 9500.   300.   0.0   0.0  0.000  0.00000  0.00000000  0.00000  0.00000000
10000.   279.   0.0   0.0  0.000  0.00000  0.00000000  0.00000  0.00000000
11000.   241.   0.0   0.0  0.000  0.00000  0.00000000  0.00000  0.00000000
12000.   207.   0.0   0.0  0.000  0.00000  0.00000000  0.00000  0.00000000
15000.   123.   0.0   0.0  0.000  0.00000  0.00000000  0.00000  0.00000000
15500.   117.   0.0   0.0  0.000  0.00000  0.00000000  0.00000  0.00000000
16000.   107.   0.0   0.0  0.000  0.00000  0.00000000  0.00000  0.00000000
17000.    90.   0.0   0.0  0.000  0.00000  0.00000000  0.00000  0.00000000
18000.    76.   0.0   0.0  0.000  0.00000  0.00000000  0.00000  0.00000000
20000.    54.   0.0   0.0  0.000  0.00000  0.00000000  0.00000  0.00000000
21000.    48.   0.0   0.0  0.000  0.00000  0.00000000  0.00000  0.00000000
22000.    41.   0.0   0.0  0.000  0.00000  0.00000000  0.00000  0.00000000
23000.    35.   0.0   0.0  0.000  0.00000  0.00000000  0.00000  0.00000000
24000.    30.   0.0   0.0  0.000  0.00000  0.00000000  0.00000  0.00000000
25000.    26.   0.0   0.0  0.000  0.00000  0.00000000  0.00000  0.00000000
30000.    12.   0.0   0.0  0.000  0.00000  0.00000000  0.00000  0.00000000
35000.     6.   0.0   0.0  0.000  0.00000  0.00000000  0.00000  0.00000000
40000.     3.   0.0   0.0  0.000  0.00000  0.00000000  0.00000  0.00000000
45000.     2.   0.0   0.0  0.000  0.00000  0.00000000  0.00000  0.00000000
50000.     1.   0.0   0.0  0.000  0.00000  0.00000000  0.00000  0.00000000
