15       301.10   1.83E-02
110      301.10   1.75E-02
210      301.10   1.75E-02
310      301.10   1.75E-02
410      301.10   1.75E-02
510      301.10   1.73E-02
610      301.13   1.57E-02
710      301.61   1.43E-02
810      302.05   1.41E-02
910      302.48   1.38E-02
1010     302.94   1.36E-02
1110     303.36   1.34E-02
1210     303.80   1.32E-02
1310     304.24   1.29E-02
1410     304.71   1.27E-02
1510     305.18   1.24E-02
1610     305.67   1.22E-02
1710     306.15   1.19E-02
1810     306.63   1.17E-02
1910     307.15   1.14E-02
2010     307.66   1.12E-02
2110     308.07   1.10E-02
2210     308.52   1.07E-02
2310     309.00   1.05E-02
2410     309.47   1.02E-02
2510     309.95   9.99E-03
2610     310.44   9.74E-03
2710     310.90   9.50E-03
2810     311.37   9.26E-03
2910     311.82   9.03E-03
3010     312.26   8.80E-03
3110     312.71   8.57E-03
3210     313.19   8.32E-03
3310     313.71   8.06E-03
3410     314.20   7.80E-03
3510     314.70   7.55E-03
3610     315.17   7.30E-03
3710     315.64   7.06E-03
3810     316.13   6.81E-03
3910     316.62   6.55E-03
4010     317.11   6.30E-03
4110     317.58   6.06E-03
4210     318.08   5.80E-03
4310     318.56   5.55E-03
4410     319.05   5.30E-03
4510     319.55   5.05E-03
4610     320.03   4.80E-03
4710     320.51   4.55E-03
4810     320.98   4.31E-03
4910     321.46   4.06E-03
5010     321.92   3.82E-03
