10        1.63     1.44
110       2.96     -1.46
210       3.60     -0.20
310       4.00     -0.60
410       3.60     -1.00
510       3.20     -0.80
610       3.20     -1.05
710       2.90     -2.00
810       2.46     -1.96
910       1.70     -3.10
1010      1.60     -3.50
1110      1.80     -3.00
1210      2.70     -3.40
1310      3.56     -2.10
1410      3.40     -2.40
1510      2.90     -2.40
1610      2.60     -1.94
1710      2.10     -0.80
1810      1.67     -0.90
1910      1.90     -0.50
2010      1.45     -0.68
2110      3.10     -0.65
2210      2.90     -0.74
2310      4.00     -0.20
2410      4.30     -0.20
2510      5.12     0.30
2610      4.70     0.29
2710      5.10     1.40
2810      5.30     0.80
2910      4.80     1.40
3010      3.90     0.81
3110      2.70     0.00
3210      3.20     0.21
3310      3.25     -0.05
3410      2.90     -0.60
3510      3.21     -0.30
3610      3.20     -1.01
3710      2.60     -0.90
3810      3.00     -0.80
3910      3.10     -0.80
4010      1.80     -2.10
4110      0.30     -1.79
4210      0.00     -1.95
4310      0.30     -2.00
4410      0.30     -2.40
4510      0.25     -2.50
4610      0.20     -1.60
4710      0.00     -1.70
4810      0.40     -0.64
4910      0.10     -0.80
5010     -0.12     -0.48
